      0/29     2.42G   0.08626   0.07927         0    0.1655         8       416   0.04204    0.6146   0.05582   0.01171   0.07305   0.07407         0
      1/29     4.21G   0.06207   0.06646         0    0.1285         9       416   0.05803    0.5234    0.1579   0.06016   0.06388   0.07014         0
      2/29     4.21G   0.05205   0.05992         0     0.112         5       416    0.2528    0.5082    0.3891    0.1532   0.07009   0.04885         0
      3/29     4.21G   0.04591   0.05433         0    0.1002         8       416    0.4007    0.9073    0.8051    0.4187   0.03649   0.03637         0
      4/29     4.22G    0.0401   0.05025         0   0.09035        15       416    0.6377    0.9112    0.8588    0.4564   0.03442   0.03332         0
      5/29     4.22G   0.03675    0.0478         0   0.08455         5       416    0.4733    0.9471    0.8976    0.5512   0.02796   0.03133         0
      6/29     4.22G   0.03498   0.04671         0   0.08169        10       416    0.5823     0.935    0.8922    0.5486   0.02825   0.02998         0
      7/29     4.22G   0.03338   0.04463         0   0.07801         8       416    0.6368    0.9501    0.9214    0.5997   0.02573    0.0284         0
      8/29     4.22G   0.03198   0.04307         0   0.07504         4       416    0.6097    0.9511    0.9181    0.6052   0.02484   0.02816         0
      9/29     4.22G   0.03073   0.04263         0   0.07337        12       416    0.6751    0.9514     0.926    0.6147   0.02439   0.02676         0
     10/29     4.22G   0.02976   0.04149         0   0.07125         6       416    0.6868    0.9432    0.9262    0.6223   0.02436   0.02666         0
     11/29     4.22G    0.0287   0.04056         0   0.06926         7       416    0.7065    0.9468    0.9278    0.6262   0.02368   0.02609         0
     12/29     4.22G   0.02808   0.04005         0   0.06813         7       416    0.7141    0.9532    0.9376    0.6394   0.02329   0.02573         0
     13/29     4.22G    0.0273   0.03952         0   0.06682        11       416    0.6958    0.9514    0.9345    0.6352    0.0234   0.02595         0
     14/29     4.22G   0.02665   0.03835         0   0.06501        19       416     0.774    0.9486    0.9347    0.6508   0.02252   0.02505         0
     15/29     4.22G   0.02616   0.03764         0   0.06381        19       416     0.738    0.9565    0.9434    0.6544   0.02254   0.02494         0
     16/29     4.22G   0.02545   0.03761         0   0.06307        10       416    0.7516    0.9584    0.9492    0.6627   0.02222   0.02493         0
     17/29     4.22G   0.02518   0.03748         0   0.06266        11       416    0.7733    0.9526    0.9466    0.6599   0.02221   0.02432         0
     18/29     4.22G   0.02452   0.03645         0   0.06097        17       416    0.7869    0.9614    0.9519    0.6691   0.02152   0.02387         0
     19/29     4.22G   0.02428   0.03626         0   0.06054         9       416    0.7987    0.9614    0.9547    0.6771   0.02114   0.02373         0
     20/29     4.22G   0.02379    0.0358         0   0.05959         7       416    0.8006    0.9608    0.9553    0.6783   0.02097   0.02348         0
     21/29     4.22G   0.02336   0.03503         0   0.05839        11       416    0.8043     0.959    0.9526    0.6814   0.02111   0.02314         0
     22/29     4.22G   0.02308   0.03463         0    0.0577         7       416    0.7881     0.965    0.9507    0.6859   0.02083   0.02344         0
     23/29     4.22G   0.02281   0.03469         0   0.05749         9       416     0.802    0.9578    0.9492    0.6805   0.02066   0.02328         0
     24/29     4.22G   0.02255   0.03419         0   0.05675        12       416    0.8292    0.9611    0.9555    0.6898   0.02045     0.023         0
     25/29     4.22G   0.02235   0.03363         0   0.05598         8       416     0.813    0.9562    0.9531    0.6845    0.0207   0.02289         0
     26/29     4.22G   0.02225   0.03362         0   0.05587        10       416    0.8124    0.9644    0.9599    0.6941    0.0202   0.02242         0
     27/29     4.22G   0.02186   0.03381         0   0.05567        11       416    0.8123    0.9623    0.9567    0.6891   0.02039   0.02263         0
     28/29     4.22G   0.02162   0.03286         0   0.05448        15       416    0.8388    0.9647    0.9609    0.6972   0.01996   0.02235         0
     29/29     4.22G   0.02151   0.03257         0   0.05408        10       416    0.8214    0.9611     0.959    0.6976   0.02016   0.02227         0
