0 0.753125 0.905208 0.1625 0.185417 
0 0.291406 0.894792 0.170312 0.20625 
0 0.753125 0.905208 0.1625 0.185417 
0 0.291406 0.894792 0.170312 0.20625 
0 0.772656 0.805208 0.170312 0.21875 
0 0.272656 0.796875 0.173438 0.214583 
0 0.772656 0.805208 0.170312 0.21875 
0 0.272656 0.796875 0.173438 0.214583 
0 0.772656 0.805208 0.170312 0.21875 
0 0.272656 0.796875 0.173438 0.214583 
0 0.7875 0.7375 0.1375 0.204167 
0 0.263281 0.727083 0.160938 0.204167 
0 0.7875 0.7375 0.1375 0.204167 
0 0.263281 0.727083 0.160938 0.204167 
0 0.7875 0.7375 0.1375 0.204167 
0 0.263281 0.727083 0.160938 0.204167 
0 0.785937 0.683333 0.159375 0.208333 
0 0.259375 0.6625 0.159375 0.2 
0 0.785937 0.683333 0.159375 0.208333 
0 0.259375 0.6625 0.159375 0.2 
0 0.261719 0.641667 0.148438 0.2 
0 0.786719 0.679167 0.160938 0.208333 
0 0.261719 0.641667 0.148438 0.2 
0 0.786719 0.679167 0.160938 0.208333 
0 0.261719 0.641667 0.148438 0.2 
0 0.786719 0.679167 0.160938 0.208333 
0 0.779688 0.68125 0.178125 0.2125 
0 0.267969 0.635417 0.179688 0.204167 
0 0.779688 0.68125 0.178125 0.2125 
0 0.267969 0.635417 0.179688 0.204167 
0 0.779688 0.68125 0.178125 0.2125 
0 0.267969 0.635417 0.179688 0.204167 
0 0.784375 0.68125 0.171875 0.1875 
0 0.25625 0.628125 0.171875 0.20625 
0 0.784375 0.68125 0.171875 0.1875 
0 0.25625 0.628125 0.171875 0.20625 
0 0.784375 0.68125 0.171875 0.1875 
0 0.25625 0.628125 0.171875 0.20625 
0 0.789062 0.677083 0.165625 0.179167 
0 0.257812 0.622917 0.184375 0.208333 
0 0.789062 0.677083 0.165625 0.179167 
0 0.257812 0.622917 0.184375 0.208333 
0 0.790625 0.670833 0.16875 0.2 
0 0.2625 0.61875 0.178125 0.2 
0 0.790625 0.670833 0.16875 0.2 
0 0.2625 0.61875 0.178125 0.2 
0 0.790625 0.670833 0.16875 0.2 
0 0.2625 0.61875 0.178125 0.2 
0 0.786719 0.680208 0.179688 0.177083 
0 0.264062 0.619792 0.1875 0.210417 
0 0.786719 0.680208 0.179688 0.177083 
0 0.264062 0.619792 0.1875 0.210417 
0 0.786719 0.680208 0.179688 0.177083 
0 0.264062 0.619792 0.1875 0.210417 
0 0.777344 0.6875 0.182812 0.179167 
0 0.266406 0.623958 0.179688 0.202083 
0 0.777344 0.6875 0.182812 0.179167 
0 0.266406 0.623958 0.179688 0.202083 
0 0.774219 0.679167 0.176563 0.204167 
0 0.273438 0.622917 0.175 0.204167 
0 0.774219 0.679167 0.176563 0.204167 
0 0.273438 0.622917 0.175 0.204167 
0 0.774219 0.679167 0.176563 0.204167 
0 0.273438 0.622917 0.175 0.204167 
0 0.777344 0.678125 0.173438 0.210417 
0 0.271094 0.614583 0.185937 0.208333 
0 0.777344 0.678125 0.173438 0.210417 
0 0.271094 0.614583 0.185937 0.208333 
0 0.777344 0.678125 0.173438 0.210417 
0 0.271094 0.614583 0.185937 0.208333 
0 0.266406 0.633333 0.179688 0.175 
0 0.773438 0.68125 0.159375 0.2375 
0 0.266406 0.633333 0.179688 0.175 
0 0.773438 0.68125 0.159375 0.2375 
0 0.266406 0.633333 0.179688 0.175 
0 0.773438 0.68125 0.159375 0.2375 
0 0.767187 0.686458 0.153125 0.247917 
0 0.271094 0.622917 0.176563 0.229167 
0 0.767187 0.686458 0.153125 0.247917 
0 0.271094 0.622917 0.176563 0.229167 
0 0.270312 0.648958 0.184375 0.197917 
0 0.763281 0.696875 0.154687 0.264583 
0 0.270312 0.648958 0.184375 0.197917 
0 0.763281 0.696875 0.154687 0.264583 
0 0.270312 0.648958 0.184375 0.197917 
0 0.763281 0.696875 0.154687 0.264583 
0 0.7625 0.708333 0.1375 0.275 
0 0.26875 0.646875 0.171875 0.25625 
0 0.7625 0.708333 0.1375 0.275 
0 0.26875 0.646875 0.171875 0.25625 
0 0.7625 0.708333 0.1375 0.275 
0 0.26875 0.646875 0.171875 0.25625 
0 0.7625 0.716667 0.15625 0.275 
0 0.274219 0.65625 0.176563 0.270833 
0 0.7625 0.716667 0.15625 0.275 
0 0.274219 0.65625 0.176563 0.270833 
0 0.753125 0.715625 0.14375 0.277083 
0 0.274219 0.655208 0.179688 0.264583 
0 0.753125 0.715625 0.14375 0.277083 
0 0.274219 0.655208 0.179688 0.264583 
0 0.753125 0.715625 0.14375 0.277083 
0 0.274219 0.655208 0.179688 0.264583 
0 0.753125 0.715625 0.14375 0.277083 
0 0.274219 0.655208 0.179688 0.264583 
0 0.757812 0.719792 0.146875 0.272917 
0 0.274219 0.651042 0.176563 0.252083 
0 0.757812 0.719792 0.146875 0.272917 
0 0.274219 0.651042 0.176563 0.252083 
0 0.765625 0.716667 0.15625 0.270833 
0 0.276563 0.64375 0.175 0.241667 
0 0.765625 0.716667 0.15625 0.270833 
0 0.276563 0.64375 0.175 0.241667 
0 0.765625 0.716667 0.15625 0.270833 
0 0.276563 0.64375 0.175 0.241667 
0 0.765625 0.71875 0.15 0.275 
0 0.277344 0.646875 0.173438 0.25625 
0 0.765625 0.71875 0.15 0.275 
0 0.277344 0.646875 0.173438 0.25625 
0 0.765625 0.71875 0.15 0.275 
0 0.277344 0.646875 0.173438 0.25625 
0 0.761719 0.721875 0.151562 0.285417 
0 0.292188 0.671875 0.165625 0.272917 
0 0.761719 0.721875 0.151562 0.285417 
0 0.292188 0.671875 0.165625 0.272917 
0 0.746875 0.729167 0.146875 0.291667 
0 0.314844 0.69375 0.173438 0.279167 
0 0.746875 0.729167 0.146875 0.291667 
0 0.314844 0.69375 0.173438 0.279167 
0 0.746875 0.729167 0.146875 0.291667 
0 0.314844 0.69375 0.173438 0.279167 
0 0.735937 0.741667 0.140625 0.291667 
0 0.321094 0.707292 0.176563 0.28125 
0 0.735937 0.741667 0.140625 0.291667 
0 0.321094 0.707292 0.176563 0.28125 
0 0.735937 0.741667 0.140625 0.291667 
0 0.321094 0.707292 0.176563 0.28125 
0 0.740625 0.741667 0.1375 0.291667 
0 0.325781 0.7125 0.176563 0.2875 
0 0.740625 0.741667 0.1375 0.291667 
0 0.325781 0.7125 0.176563 0.2875 
0 0.740625 0.741667 0.1375 0.291667 
0 0.325781 0.7125 0.176563 0.2875 
0 0.740625 0.7375 0.14375 0.291667 
0 0.329688 0.709375 0.18125 0.285417 
0 0.740625 0.7375 0.14375 0.291667 
0 0.329688 0.709375 0.18125 0.285417 
0 0.729688 0.735417 0.140625 0.2875 
0 0.33125 0.696875 0.1875 0.277083 
0 0.729688 0.735417 0.140625 0.2875 
0 0.33125 0.696875 0.1875 0.277083 
0 0.729688 0.735417 0.140625 0.2875 
0 0.33125 0.696875 0.1875 0.277083 
0 0.728125 0.730208 0.14375 0.26875 
0 0.328125 0.671875 0.2 0.239583 
0 0.728125 0.730208 0.14375 0.26875 
0 0.328125 0.671875 0.2 0.239583 
0 0.728125 0.730208 0.14375 0.26875 
0 0.328125 0.671875 0.2 0.239583 
0 0.734375 0.728125 0.1625 0.239583 
0 0.321875 0.647917 0.1875 0.220833 
0 0.734375 0.728125 0.1625 0.239583 
0 0.321875 0.647917 0.1875 0.220833 
0 0.738281 0.716667 0.164062 0.220833 
0 0.315625 0.635417 0.19375 0.220833 
0 0.738281 0.716667 0.164062 0.220833 
0 0.315625 0.635417 0.19375 0.220833 
0 0.738281 0.716667 0.164062 0.220833 
0 0.315625 0.635417 0.19375 0.220833 
0 0.740625 0.68125 0.175 0.229167 
0 0.321875 0.621875 0.1875 0.21875 
0 0.740625 0.68125 0.175 0.229167 
0 0.321875 0.621875 0.1875 0.21875 
0 0.740625 0.68125 0.175 0.229167 
0 0.321875 0.621875 0.1875 0.21875 
0 0.748438 0.647917 0.184375 0.1875 
0 0.315625 0.607292 0.1875 0.21875 
0 0.748438 0.647917 0.184375 0.1875 
0 0.315625 0.607292 0.1875 0.21875 
0 0.748438 0.647917 0.184375 0.1875 
0 0.315625 0.607292 0.1875 0.21875 
0 0.753906 0.640625 0.182812 0.19375 
0 0.314063 0.6 0.190625 0.216667 
0 0.753906 0.640625 0.182812 0.19375 
0 0.314063 0.6 0.190625 0.216667 
0 0.758594 0.634375 0.176563 0.222917 
0 0.315625 0.6 0.18125 0.220833 
0 0.758594 0.634375 0.176563 0.222917 
0 0.315625 0.6 0.18125 0.220833 
0 0.758594 0.634375 0.176563 0.222917 
0 0.315625 0.6 0.18125 0.220833 
0 0.7625 0.644792 0.178125 0.210417 
0 0.317969 0.6 0.182812 0.216667 
0 0.7625 0.644792 0.178125 0.210417 
0 0.317969 0.6 0.182812 0.216667 
0 0.7625 0.644792 0.178125 0.210417 
0 0.317969 0.6 0.182812 0.216667 
0 0.760938 0.664583 0.184375 0.170833 
0 0.31875 0.610417 0.196875 0.220833 
0 0.760938 0.664583 0.184375 0.170833 
0 0.31875 0.610417 0.196875 0.220833 
0 0.759375 0.667708 0.18125 0.177083 
0 0.323438 0.630208 0.203125 0.21875 
0 0.759375 0.667708 0.18125 0.177083 
0 0.323438 0.630208 0.203125 0.21875 
0 0.759375 0.667708 0.18125 0.177083 
0 0.323438 0.630208 0.203125 0.21875 
0 0.757812 0.666667 0.184375 0.2 
0 0.334375 0.666667 0.21875 0.216667 
0 0.757812 0.666667 0.184375 0.2 
0 0.334375 0.666667 0.21875 0.216667 
0 0.757812 0.666667 0.184375 0.2 
0 0.334375 0.666667 0.21875 0.216667 
0 0.752344 0.672917 0.182812 0.220833 
0 0.340625 0.682292 0.21875 0.210417 
0 0.752344 0.672917 0.182812 0.220833 
0 0.340625 0.682292 0.21875 0.210417 
0 0.748438 0.673958 0.178125 0.222917 
0 0.349219 0.677083 0.198437 0.2125 
0 0.748438 0.673958 0.178125 0.222917 
0 0.349219 0.677083 0.198437 0.2125 
0 0.748438 0.673958 0.178125 0.222917 
0 0.349219 0.677083 0.198437 0.2125 
0 0.746094 0.672917 0.182812 0.195833 
0 0.347656 0.65625 0.210938 0.2125 
0 0.746094 0.672917 0.182812 0.195833 
0 0.347656 0.65625 0.210938 0.2125 
0 0.746094 0.672917 0.182812 0.195833 
0 0.347656 0.65625 0.210938 0.2125 
0 0.745313 0.66875 0.178125 0.216667 
0 0.345313 0.655208 0.215625 0.210417 
0 0.745313 0.66875 0.178125 0.216667 
0 0.345313 0.655208 0.215625 0.210417 
0 0.745313 0.66875 0.178125 0.216667 
0 0.345313 0.655208 0.215625 0.210417 
0 0.744531 0.672917 0.179688 0.220833 
0 0.346094 0.6625 0.207813 0.216667 
0 0.744531 0.672917 0.179688 0.220833 
0 0.346094 0.6625 0.207813 0.216667 
0 0.745313 0.685417 0.184375 0.191667 
0 0.346875 0.667708 0.2125 0.210417 
0 0.745313 0.685417 0.184375 0.191667 
0 0.346875 0.667708 0.2125 0.210417 
0 0.745313 0.685417 0.184375 0.191667 
0 0.346875 0.667708 0.2125 0.210417 
0 0.745313 0.6875 0.18125 0.191667 
0 0.351562 0.66875 0.203125 0.2125 
0 0.745313 0.6875 0.18125 0.191667 
0 0.351562 0.66875 0.203125 0.2125 
0 0.745313 0.6875 0.18125 0.191667 
0 0.351562 0.66875 0.203125 0.2125 
0 0.745313 0.679167 0.178125 0.225 
0 0.350781 0.669792 0.210938 0.210417 
0 0.745313 0.679167 0.178125 0.225 
0 0.350781 0.669792 0.210938 0.210417 
0 0.744531 0.690625 0.179688 0.185417 
0 0.351562 0.665625 0.203125 0.214583 
0 0.744531 0.690625 0.179688 0.185417 
0 0.351562 0.665625 0.203125 0.214583 
0 0.744531 0.690625 0.179688 0.185417 
0 0.351562 0.665625 0.203125 0.214583 
0 0.746875 0.692708 0.178125 0.19375 
0 0.349219 0.666667 0.204688 0.216667 
0 0.746875 0.692708 0.178125 0.19375 
0 0.349219 0.666667 0.204688 0.216667 
0 0.746875 0.692708 0.178125 0.19375 
0 0.349219 0.666667 0.204688 0.216667 
0 0.747656 0.69375 0.179688 0.183333 
0 0.346094 0.6625 0.201562 0.216667 
0 0.747656 0.69375 0.179688 0.183333 
0 0.346094 0.6625 0.201562 0.216667 
0 0.747656 0.69375 0.179688 0.183333 
0 0.346094 0.6625 0.201562 0.216667 
0 0.75625 0.6875 0.171875 0.2 
0 0.339063 0.647917 0.215625 0.2125 
0 0.75625 0.6875 0.171875 0.2 
0 0.339063 0.647917 0.215625 0.2125 
0 0.75625 0.6875 0.171875 0.2 
0 0.339063 0.647917 0.215625 0.2125 
0 0.7625 0.689583 0.175 0.2 
0 0.336719 0.647917 0.210938 0.2125 
0 0.7625 0.689583 0.175 0.2 
0 0.336719 0.647917 0.210938 0.2125 
0 0.769531 0.6875 0.167187 0.208333 
0 0.330469 0.648958 0.214062 0.214583 
0 0.769531 0.6875 0.167187 0.208333 
0 0.330469 0.648958 0.214062 0.214583 
0 0.769531 0.6875 0.167187 0.208333 
0 0.330469 0.648958 0.214062 0.214583 
0 0.773438 0.69375 0.1625 0.204167 
0 0.325 0.647917 0.209375 0.216667 
0 0.773438 0.69375 0.1625 0.204167 
0 0.325 0.647917 0.209375 0.216667 
0 0.773438 0.69375 0.1625 0.204167 
0 0.325 0.647917 0.209375 0.216667 
0 0.775 0.702083 0.15625 0.204167 
0 0.319531 0.646875 0.207813 0.21875 
0 0.775 0.702083 0.15625 0.204167 
0 0.319531 0.646875 0.207813 0.21875 
0 0.776563 0.702083 0.159375 0.204167 
0 0.31875 0.647917 0.20625 0.216667 
0 0.776563 0.702083 0.159375 0.204167 
0 0.31875 0.647917 0.20625 0.216667 
0 0.776563 0.702083 0.159375 0.204167 
0 0.31875 0.647917 0.20625 0.216667 
0 0.775 0.7 0.159375 0.208333 
0 0.319531 0.647917 0.198437 0.2125 
0 0.775 0.7 0.159375 0.208333 
0 0.319531 0.647917 0.198437 0.2125 
0 0.775 0.7 0.159375 0.208333 
0 0.319531 0.647917 0.198437 0.2125 
0 0.773438 0.697917 0.159375 0.208333 
0 0.320312 0.647917 0.203125 0.2125 
0 0.773438 0.697917 0.159375 0.208333 
0 0.320312 0.647917 0.203125 0.2125 
0 0.773438 0.697917 0.159375 0.208333 
0 0.320312 0.647917 0.203125 0.2125 
0 0.774219 0.695833 0.160938 0.208333 
0 0.322656 0.65 0.207813 0.216667 
0 0.774219 0.695833 0.160938 0.208333 
0 0.322656 0.65 0.207813 0.216667 
0 0.775781 0.690625 0.160938 0.214583 
0 0.325781 0.646875 0.204688 0.21875 
0 0.775781 0.690625 0.160938 0.214583 
0 0.325781 0.646875 0.204688 0.21875 
0 0.775781 0.690625 0.160938 0.214583 
0 0.325781 0.646875 0.204688 0.21875 
0 0.773438 0.682292 0.159375 0.20625 
0 0.325781 0.633333 0.210938 0.216667 
0 0.773438 0.682292 0.159375 0.20625 
0 0.325781 0.633333 0.210938 0.216667 
0 0.773438 0.682292 0.159375 0.20625 
0 0.325781 0.633333 0.210938 0.216667 
0 0.779688 0.665625 0.1625 0.210417 
0 0.323438 0.615625 0.209375 0.222917 
0 0.779688 0.665625 0.1625 0.210417 
0 0.323438 0.615625 0.209375 0.222917 
0 0.779688 0.652083 0.165625 0.2125 
0 0.33125 0.592708 0.2 0.222917 
0 0.779688 0.652083 0.165625 0.2125 
0 0.33125 0.592708 0.2 0.222917 
0 0.779688 0.652083 0.165625 0.2125 
0 0.33125 0.592708 0.2 0.222917 
0 0.780469 0.65 0.164062 0.208333 
0 0.326562 0.583333 0.20625 0.225 
0 0.780469 0.65 0.164062 0.208333 
0 0.326562 0.583333 0.20625 0.225 
0 0.780469 0.65 0.164062 0.208333 
0 0.326562 0.583333 0.20625 0.225 
0 0.778125 0.648958 0.16875 0.214583 
0 0.325781 0.588542 0.204688 0.222917 
0 0.778125 0.648958 0.16875 0.214583 
0 0.325781 0.588542 0.204688 0.222917 
0 0.776563 0.647917 0.171875 0.216667 
0 0.319531 0.597917 0.204688 0.220833 
0 0.776563 0.647917 0.171875 0.216667 
0 0.319531 0.597917 0.204688 0.220833 
0 0.776563 0.647917 0.171875 0.216667 
0 0.319531 0.597917 0.204688 0.220833 
0 0.776563 0.648958 0.165625 0.21875 
0 0.319531 0.709375 0.210938 0.202083 
0 0.776563 0.648958 0.165625 0.21875 
0 0.319531 0.709375 0.210938 0.202083 
0 0.776563 0.648958 0.165625 0.21875 
0 0.319531 0.709375 0.210938 0.202083 
0 0.777344 0.65 0.164062 0.204167 
0 0.777344 0.65 0.164062 0.204167 
0 0.778125 0.65625 0.1625 0.2125 
0 0.778125 0.65625 0.1625 0.2125 
0 0.778125 0.65625 0.1625 0.2125 
0 0.778125 0.65625 0.1625 0.2125 
0 0.779688 0.659375 0.1625 0.202083 
0 0.779688 0.659375 0.1625 0.202083 
0 0.778125 0.659375 0.1625 0.197917 
0 0.778125 0.659375 0.1625 0.197917 
0 0.778125 0.659375 0.1625 0.197917 
0 0.779688 0.665625 0.1625 0.202083 
0 0.779688 0.665625 0.1625 0.202083 
0 0.779688 0.665625 0.1625 0.202083 
0 0.78125 0.670833 0.16875 0.208333 
0 0.78125 0.670833 0.16875 0.208333 
0 0.782031 0.672917 0.164062 0.195833 
0 0.782031 0.672917 0.164062 0.195833 
0 0.782031 0.672917 0.164062 0.195833 
0 0.782031 0.673958 0.167187 0.197917 
0 0.782031 0.673958 0.167187 0.197917 
0 0.782031 0.673958 0.167187 0.197917 
0 0.782031 0.678125 0.160938 0.197917 
0 0.782031 0.678125 0.160938 0.197917 
0 0.782031 0.678125 0.160938 0.197917 
0 0.785937 0.68125 0.165625 0.208333 
0 0.785937 0.68125 0.165625 0.208333 
0 0.7875 0.679167 0.16875 0.208333 
0 0.7875 0.679167 0.16875 0.208333 
0 0.7875 0.679167 0.16875 0.208333 
0 0.7875 0.679167 0.16875 0.208333 
0 0.784375 0.679167 0.165625 0.1875 
0 0.784375 0.679167 0.165625 0.1875 
0 0.786719 0.679167 0.164062 0.183333 
0 0.786719 0.679167 0.164062 0.183333 
0 0.786719 0.679167 0.164062 0.183333 
0 0.783594 0.675 0.160938 0.175 
0 0.783594 0.675 0.160938 0.175 
0 0.783594 0.675 0.160938 0.175 
0 0.788281 0.673958 0.164062 0.197917 
0 0.788281 0.673958 0.164062 0.197917 
0 0.788281 0.673958 0.164062 0.197917 
0 0.7875 0.675 0.165625 0.208333 
0 0.7875 0.675 0.165625 0.208333 
0 0.785156 0.660417 0.151562 0.2125 
0 0.785156 0.660417 0.151562 0.2125 
0 0.785156 0.660417 0.151562 0.2125 
0 0.782812 0.638542 0.1625 0.20625 
0 0.782812 0.638542 0.1625 0.20625 
0 0.782812 0.638542 0.1625 0.20625 
0 0.778906 0.626042 0.164062 0.185417 
0 0.778906 0.626042 0.164062 0.185417 
0 0.774219 0.6125 0.164062 0.166667 
0 0.774219 0.6125 0.164062 0.166667 
0 0.774219 0.6125 0.164062 0.166667 
0 0.774219 0.6125 0.164062 0.166667 
0 0.769531 0.616667 0.173438 0.1625 
0 0.769531 0.616667 0.173438 0.1625 
0 0.767187 0.610417 0.175 0.1625 
0 0.767187 0.610417 0.175 0.1625 
0 0.767187 0.610417 0.175 0.1625 
0 0.766406 0.614583 0.173438 0.166667 
0 0.766406 0.614583 0.173438 0.166667 
0 0.766406 0.614583 0.173438 0.166667 
0 0.76875 0.611458 0.175 0.172917 
0 0.76875 0.611458 0.175 0.172917 
0 0.76875 0.611458 0.175 0.172917 
0 0.767187 0.613542 0.171875 0.16875 
0 0.767187 0.613542 0.171875 0.16875 
0 0.767187 0.614583 0.171875 0.1625 
0 0.767187 0.614583 0.171875 0.1625 
0 0.767187 0.614583 0.171875 0.1625 
0 0.771875 0.616667 0.175 0.183333 
0 0.771875 0.616667 0.175 0.183333 
0 0.771875 0.616667 0.175 0.183333 
0 0.772656 0.615625 0.173438 0.189583 
0 0.772656 0.615625 0.173438 0.189583 
0 0.775 0.616667 0.171875 0.2 
0 0.775 0.616667 0.171875 0.2 
0 0.775 0.616667 0.171875 0.2 
0 0.775 0.616667 0.171875 0.2 
0 0.773438 0.625 0.171875 0.208333 
0 0.773438 0.625 0.171875 0.208333 
0 0.771094 0.634375 0.176563 0.189583 
0 0.771094 0.634375 0.176563 0.189583 
0 0.771094 0.634375 0.176563 0.189583 
0 0.770312 0.6375 0.178125 0.191667 
0 0.770312 0.6375 0.178125 0.191667 
0 0.770312 0.6375 0.178125 0.191667 
0 0.772656 0.619792 0.176563 0.222917 
0 0.772656 0.619792 0.176563 0.222917 
0 0.772656 0.619792 0.176563 0.222917 
0 0.775781 0.629167 0.167187 0.175 
0 0.775781 0.629167 0.167187 0.175 
0 0.774219 0.636458 0.167187 0.152083 
0 0.774219 0.636458 0.167187 0.152083 
0 0.774219 0.636458 0.167187 0.152083 
0 0.774219 0.6125 0.167187 0.2 
0 0.774219 0.6125 0.167187 0.2 
0 0.774219 0.6125 0.167187 0.2 
0 0.771875 0.597917 0.165625 0.229167 
0 0.771875 0.597917 0.165625 0.229167 
0 0.771875 0.597917 0.165625 0.229167 
0 0.771094 0.603125 0.164062 0.23125 
0 0.771094 0.603125 0.164062 0.23125 
0 0.774219 0.6 0.164062 0.225 
0 0.774219 0.6 0.164062 0.225 
0 0.774219 0.6 0.164062 0.225 
0 0.776563 0.602083 0.159375 0.2125 
0 0.776563 0.602083 0.159375 0.2125 
0 0.776563 0.602083 0.159375 0.2125 
0 0.778906 0.6 0.157813 0.216667 
0 0.778906 0.6 0.157813 0.216667 
0 0.778906 0.6 0.157813 0.216667 
0 0.782031 0.603125 0.160938 0.21875 
0 0.782031 0.603125 0.160938 0.21875 
0 0.782031 0.603125 0.160938 0.21875 
0 0.782812 0.60625 0.159375 0.2125 
0 0.782812 0.60625 0.159375 0.2125 
0 0.782812 0.607292 0.159375 0.21875 
0 0.782812 0.607292 0.159375 0.21875 
0 0.782812 0.607292 0.159375 0.21875 
0 0.782031 0.607292 0.154687 0.23125 
0 0.782031 0.607292 0.154687 0.23125 
0 0.782031 0.607292 0.154687 0.23125 
0 0.784375 0.6125 0.159375 0.216667 
0 0.784375 0.6125 0.159375 0.216667 
0 0.784375 0.6125 0.159375 0.216667 
0 0.784375 0.608333 0.15625 0.2375 
0 0.784375 0.608333 0.15625 0.2375 
0 0.784375 0.610417 0.15625 0.233333 
0 0.784375 0.610417 0.15625 0.233333 
0 0.784375 0.610417 0.15625 0.233333 
0 0.7875 0.626042 0.1625 0.19375 
0 0.7875 0.626042 0.1625 0.19375 
0 0.7875 0.626042 0.1625 0.19375 
0 0.786719 0.639583 0.167187 0.183333 
0 0.786719 0.639583 0.167187 0.183333 
0 0.786719 0.639583 0.167187 0.183333 
0 0.785937 0.64375 0.165625 0.183333 
0 0.785937 0.64375 0.165625 0.183333 
0 0.782812 0.652083 0.165625 0.158333 
0 0.782812 0.652083 0.165625 0.158333 
0 0.782812 0.652083 0.165625 0.158333 
0 0.785156 0.652083 0.157813 0.195833 
0 0.785156 0.652083 0.157813 0.195833 
0 0.785156 0.651042 0.157813 0.19375 
0 0.785156 0.651042 0.157813 0.19375 
0 0.785156 0.651042 0.157813 0.19375 
0 0.784375 0.642708 0.15 0.185417 
0 0.784375 0.642708 0.15 0.185417 
0 0.784375 0.642708 0.15 0.185417 
0 0.780469 0.641667 0.145313 0.175 
0 0.780469 0.641667 0.145313 0.175 
0 0.78125 0.639583 0.14375 0.1875 
0 0.78125 0.639583 0.14375 0.1875 
0 0.78125 0.639583 0.14375 0.1875 
0 0.782031 0.639583 0.142188 0.2125 
0 0.782031 0.639583 0.142188 0.2125 
0 0.782031 0.639583 0.142188 0.2125 
0 0.778906 0.664583 0.148438 0.2 
0 0.778906 0.664583 0.148438 0.2 
0 0.778125 0.682292 0.15625 0.19375 
0 0.778125 0.682292 0.15625 0.19375 
0 0.778125 0.682292 0.15625 0.19375 
0 0.777344 0.690625 0.157813 0.19375 
0 0.777344 0.690625 0.157813 0.19375 
0 0.777344 0.690625 0.157813 0.19375 
0 0.778906 0.69375 0.157813 0.1875 
0 0.778906 0.69375 0.157813 0.1875 
0 0.778906 0.69375 0.157813 0.1875 
0 0.78125 0.704167 0.1625 0.183333 
0 0.78125 0.704167 0.1625 0.183333 
0 0.78125 0.704167 0.1625 0.183333 
0 0.782812 0.7 0.159375 0.179167 
0 0.782812 0.7 0.159375 0.179167 
0 0.782812 0.694792 0.153125 0.16875 
0 0.782812 0.694792 0.153125 0.16875 
0 0.782812 0.694792 0.153125 0.16875 
0 0.783594 0.68125 0.157813 0.179167 
0 0.783594 0.68125 0.157813 0.179167 
0 0.785156 0.65625 0.148438 0.204167 
0 0.785156 0.65625 0.148438 0.204167 
0 0.785156 0.65625 0.148438 0.204167 
0 0.784375 0.646875 0.15625 0.16875 
0 0.784375 0.646875 0.15625 0.16875 
0 0.784375 0.646875 0.15625 0.16875 
0 0.784375 0.6375 0.15625 0.191667 
0 0.784375 0.6375 0.15625 0.191667 
0 0.782031 0.614583 0.154687 0.245833 
0 0.782031 0.614583 0.154687 0.245833 
0 0.782031 0.614583 0.154687 0.245833 
0 0.773438 0.573958 0.171875 0.247917 
0 0.773438 0.573958 0.171875 0.247917 
0 0.773438 0.573958 0.171875 0.247917 
0 0.760156 0.5625 0.176563 0.241667 
0 0.760156 0.5625 0.176563 0.241667 
0 0.760156 0.5625 0.176563 0.241667 
0 0.744531 0.564583 0.179688 0.25 
0 0.744531 0.564583 0.179688 0.25 
0 0.744531 0.564583 0.179688 0.25 
0 0.742188 0.565625 0.18125 0.24375 
0 0.742188 0.565625 0.18125 0.24375 
0 0.747656 0.571875 0.179688 0.23125 
0 0.747656 0.571875 0.179688 0.23125 
0 0.747656 0.571875 0.179688 0.23125 
0 0.747656 0.571875 0.179688 0.23125 
0 0.754687 0.610417 0.159375 0.195833 
0 0.754687 0.610417 0.159375 0.195833 
0 0.772656 0.641667 0.139062 0.241667 
0 0.314844 0.902083 0.176563 0.195833 
0 0.772656 0.641667 0.139062 0.241667 
0 0.314844 0.902083 0.176563 0.195833 
0 0.79375 0.677083 0.140625 0.279167 
0 0.307813 0.776042 0.165625 0.227083 
0 0.79375 0.677083 0.140625 0.279167 
0 0.307813 0.776042 0.165625 0.227083 
0 0.79375 0.677083 0.140625 0.279167 
0 0.307813 0.776042 0.165625 0.227083 
0 0.79375 0.677083 0.140625 0.279167 
0 0.307813 0.776042 0.165625 0.227083 
0 0.790625 0.708333 0.134375 0.275 
0 0.317969 0.704167 0.160938 0.258333 
0 0.790625 0.708333 0.134375 0.275 
0 0.317969 0.704167 0.160938 0.258333 
0 0.774219 0.70625 0.139062 0.279167 
0 0.326562 0.679167 0.159375 0.283333 
0 0.774219 0.70625 0.139062 0.279167 
0 0.326562 0.679167 0.159375 0.283333 
0 0.776563 0.694792 0.140625 0.285417 
0 0.332031 0.658333 0.157813 0.291667 
0 0.776563 0.694792 0.140625 0.285417 
0 0.332031 0.658333 0.157813 0.291667 
0 0.776563 0.694792 0.140625 0.285417 
0 0.332031 0.658333 0.157813 0.291667 
0 0.777344 0.69375 0.142188 0.2875 
0 0.342969 0.647917 0.164062 0.295833 
0 0.777344 0.69375 0.142188 0.2875 
0 0.342969 0.647917 0.164062 0.295833 
0 0.777344 0.69375 0.142188 0.2875 
0 0.342969 0.647917 0.164062 0.295833 
0 0.772656 0.691667 0.145313 0.283333 
0 0.340625 0.654167 0.1625 0.3 
0 0.772656 0.691667 0.145313 0.283333 
0 0.340625 0.654167 0.1625 0.3 
0 0.772656 0.688542 0.145313 0.28125 
0 0.336719 0.65 0.160938 0.291667 
0 0.772656 0.688542 0.145313 0.28125 
0 0.336719 0.65 0.160938 0.291667 
0 0.772656 0.688542 0.145313 0.28125 
0 0.336719 0.65 0.160938 0.291667 
0 0.765625 0.686458 0.15 0.285417 
0 0.333594 0.655208 0.160938 0.297917 
0 0.765625 0.686458 0.15 0.285417 
0 0.333594 0.655208 0.160938 0.297917 
0 0.765625 0.686458 0.15 0.285417 
0 0.333594 0.655208 0.160938 0.297917 
0 0.764063 0.691667 0.15 0.283333 
0 0.333594 0.65625 0.164062 0.295833 
0 0.764063 0.691667 0.15 0.283333 
0 0.333594 0.65625 0.164062 0.295833 
0 0.760156 0.69375 0.145313 0.2875 
0 0.336719 0.655208 0.164062 0.29375 
0 0.760156 0.69375 0.145313 0.2875 
0 0.336719 0.655208 0.164062 0.29375 
0 0.760156 0.69375 0.145313 0.2875 
0 0.336719 0.655208 0.164062 0.29375 
0 0.749219 0.7 0.132812 0.3 
0 0.335938 0.654167 0.159375 0.291667 
0 0.749219 0.7 0.132812 0.3 
0 0.335938 0.654167 0.159375 0.291667 
0 0.749219 0.7 0.132812 0.3 
0 0.335938 0.654167 0.159375 0.291667 
0 0.750781 0.70625 0.135937 0.295833 
0 0.3375 0.648958 0.178125 0.285417 
0 0.750781 0.70625 0.135937 0.295833 
0 0.3375 0.648958 0.178125 0.285417 
0 0.749219 0.70625 0.129688 0.295833 
0 0.335938 0.647917 0.178125 0.2875 
0 0.749219 0.70625 0.129688 0.295833 
0 0.335938 0.647917 0.178125 0.2875 
0 0.747656 0.702083 0.129688 0.295833 
0 0.329688 0.644792 0.159375 0.285417 
0 0.747656 0.702083 0.129688 0.295833 
0 0.329688 0.644792 0.159375 0.285417 
0 0.747656 0.702083 0.129688 0.295833 
0 0.329688 0.644792 0.159375 0.285417 
0 0.747656 0.702083 0.129688 0.295833 
0 0.329688 0.644792 0.159375 0.285417 
0 0.739844 0.694792 0.129688 0.29375 
0 0.326562 0.642708 0.15625 0.285417 
0 0.739844 0.694792 0.129688 0.29375 
0 0.326562 0.642708 0.15625 0.285417 
0 0.7375 0.691667 0.125 0.295833 
0 0.329688 0.647917 0.171875 0.291667 
0 0.7375 0.691667 0.125 0.295833 
0 0.329688 0.647917 0.171875 0.291667 
0 0.728906 0.695833 0.145313 0.291667 
0 0.330469 0.657292 0.157813 0.285417 
0 0.728906 0.695833 0.145313 0.291667 
0 0.330469 0.657292 0.157813 0.285417 
0 0.728906 0.695833 0.145313 0.291667 
0 0.330469 0.657292 0.157813 0.285417 
0 0.725 0.688542 0.1375 0.285417 
0 0.328125 0.667708 0.15 0.25625 
0 0.725 0.688542 0.1375 0.285417 
0 0.328125 0.667708 0.15 0.25625 
0 0.725 0.688542 0.1375 0.285417 
0 0.328125 0.667708 0.15 0.25625 
0 0.725 0.69375 0.14375 0.270833 
0 0.336719 0.661458 0.154687 0.227083 
0 0.725 0.69375 0.14375 0.270833 
0 0.336719 0.661458 0.154687 0.227083 
0 0.726562 0.692708 0.146875 0.277083 
0 0.335156 0.658333 0.167187 0.233333 
0 0.726562 0.692708 0.146875 0.277083 
0 0.335156 0.658333 0.167187 0.233333 
0 0.726562 0.692708 0.146875 0.277083 
0 0.335156 0.658333 0.167187 0.233333 
0 0.724219 0.690625 0.139062 0.289583 
0 0.335156 0.652083 0.154687 0.229167 
0 0.724219 0.690625 0.139062 0.289583 
0 0.335156 0.652083 0.154687 0.229167 
0 0.724219 0.690625 0.139062 0.289583 
0 0.335156 0.652083 0.154687 0.229167 
0 0.745313 0.686458 0.146875 0.297917 
0 0.335938 0.6625 0.159375 0.258333 
0 0.745313 0.686458 0.146875 0.297917 
0 0.335938 0.6625 0.159375 0.258333 
0 0.739844 0.686458 0.129688 0.302083 
0 0.3375 0.661458 0.15625 0.289583 
0 0.739844 0.686458 0.129688 0.302083 
0 0.3375 0.661458 0.15625 0.289583 
0 0.739844 0.686458 0.129688 0.302083 
0 0.3375 0.661458 0.15625 0.289583 
0 0.747656 0.689583 0.129688 0.3 
0 0.332031 0.663542 0.160938 0.31875 
0 0.747656 0.689583 0.129688 0.3 
0 0.332031 0.663542 0.160938 0.31875 
0 0.747656 0.689583 0.129688 0.3 
0 0.332031 0.663542 0.160938 0.31875 
0 0.750781 0.691667 0.123438 0.3 
0 0.325781 0.66875 0.160938 0.320833 
0 0.750781 0.691667 0.123438 0.3 
0 0.325781 0.66875 0.160938 0.320833 
0 0.75 0.691667 0.125 0.3 
0 0.324219 0.66875 0.164062 0.329167 
0 0.75 0.691667 0.125 0.3 
0 0.324219 0.66875 0.164062 0.329167 
0 0.75 0.691667 0.125 0.3 
0 0.324219 0.66875 0.164062 0.329167 
0 0.754687 0.692708 0.128125 0.297917 
0 0.329688 0.66875 0.165625 0.329167 
0 0.754687 0.692708 0.128125 0.297917 
0 0.329688 0.66875 0.165625 0.329167 
0 0.754687 0.692708 0.128125 0.297917 
0 0.329688 0.66875 0.165625 0.329167 
0 0.75625 0.69375 0.125 0.304167 
0 0.33125 0.666667 0.1625 0.325 
0 0.75625 0.69375 0.125 0.304167 
0 0.33125 0.666667 0.1625 0.325 
0 0.757031 0.695833 0.123438 0.291667 
0 0.334375 0.663542 0.16875 0.327083 
0 0.757031 0.695833 0.123438 0.291667 
0 0.334375 0.663542 0.16875 0.327083 
0 0.757031 0.695833 0.123438 0.291667 
0 0.334375 0.663542 0.16875 0.327083 
0 0.760156 0.697917 0.123438 0.291667 
0 0.335938 0.664583 0.16875 0.329167 
0 0.760156 0.697917 0.123438 0.291667 
0 0.335938 0.664583 0.16875 0.329167 
0 0.760156 0.697917 0.123438 0.291667 
0 0.335938 0.664583 0.16875 0.329167 
0 0.758594 0.698958 0.123438 0.29375 
0 0.336719 0.665625 0.167187 0.327083 
0 0.758594 0.698958 0.123438 0.29375 
0 0.336719 0.665625 0.167187 0.327083 
0 0.753906 0.696875 0.123438 0.302083 
0 0.335156 0.664583 0.164062 0.320833 
0 0.753906 0.696875 0.123438 0.302083 
0 0.335156 0.664583 0.164062 0.320833 
0 0.753906 0.696875 0.123438 0.302083 
0 0.335156 0.664583 0.164062 0.320833 
0 0.7375 0.69375 0.125 0.304167 
0 0.330469 0.661458 0.157813 0.33125 
0 0.7375 0.69375 0.125 0.304167 
0 0.330469 0.661458 0.157813 0.33125 
0 0.728125 0.689583 0.128125 0.304167 
0 0.320312 0.6625 0.159375 0.325 
0 0.728125 0.689583 0.128125 0.304167 
0 0.320312 0.6625 0.159375 0.325 
0 0.728125 0.689583 0.128125 0.304167 
0 0.320312 0.6625 0.159375 0.325 
0 0.724219 0.691667 0.129688 0.3 
0 0.317187 0.663542 0.15625 0.322917 
0 0.724219 0.691667 0.129688 0.3 
0 0.317187 0.663542 0.15625 0.322917 
0 0.724219 0.691667 0.129688 0.3 
0 0.317187 0.663542 0.15625 0.322917 
0 0.728906 0.692708 0.142188 0.30625 
0 0.323438 0.664583 0.159375 0.325 
0 0.728906 0.692708 0.142188 0.30625 
0 0.323438 0.664583 0.159375 0.325 
0 0.758594 0.7 0.167187 0.3 
0 0.335938 0.659375 0.15 0.322917 
0 0.758594 0.7 0.167187 0.3 
0 0.335938 0.659375 0.15 0.322917 
0 0.758594 0.7 0.167187 0.3 
0 0.335938 0.659375 0.15 0.322917 
0 0.757812 0.703125 0.146875 0.302083 
0 0.34375 0.660417 0.14375 0.320833 
0 0.757812 0.703125 0.146875 0.302083 
0 0.34375 0.660417 0.14375 0.320833 
0 0.757812 0.703125 0.146875 0.302083 
0 0.34375 0.660417 0.14375 0.320833 
0 0.774219 0.705208 0.170312 0.297917 
0 0.349219 0.659375 0.151562 0.322917 
0 0.774219 0.705208 0.170312 0.297917 
0 0.349219 0.659375 0.151562 0.322917 
0 0.742188 0.701042 0.128125 0.29375 
0 0.349219 0.658333 0.170312 0.304167 
0 0.741406 0.696875 0.135937 0.29375 
0 0.342969 0.657292 0.173438 0.289583 
0 0.741406 0.696875 0.135937 0.29375 
0 0.342969 0.657292 0.173438 0.289583 
0 0.741406 0.696875 0.135937 0.29375 
0 0.342969 0.657292 0.173438 0.289583 
0 0.748438 0.685417 0.140625 0.279167 
0 0.339844 0.644792 0.195312 0.277083 
0 0.748438 0.685417 0.140625 0.279167 
0 0.339844 0.644792 0.195312 0.277083 
0 0.748438 0.685417 0.140625 0.279167 
0 0.339844 0.644792 0.195312 0.277083 
0 0.75 0.665625 0.1625 0.264583 
0 0.336719 0.619792 0.195312 0.272917 
0 0.75 0.665625 0.1625 0.264583 
0 0.336719 0.619792 0.195312 0.272917 
0 0.746875 0.665625 0.15625 0.260417 
0 0.3375 0.609375 0.1875 0.260417 
0 0.746875 0.665625 0.15625 0.260417 
0 0.3375 0.609375 0.1875 0.260417 
0 0.746875 0.665625 0.15625 0.260417 
0 0.3375 0.609375 0.1875 0.260417 
0 0.746875 0.666667 0.15625 0.258333 
0 0.328906 0.614583 0.185937 0.270833 
0 0.746875 0.666667 0.15625 0.258333 
0 0.328906 0.614583 0.185937 0.270833 
0 0.746875 0.666667 0.15625 0.258333 
0 0.328906 0.614583 0.185937 0.270833 
0 0.753125 0.669792 0.15625 0.25625 
0 0.330469 0.619792 0.198437 0.26875 
0 0.753125 0.669792 0.15625 0.25625 
0 0.330469 0.619792 0.198437 0.26875 
0 0.752344 0.675 0.157813 0.258333 
0 0.335938 0.616667 0.203125 0.258333 
0 0.752344 0.675 0.157813 0.258333 
0 0.335938 0.616667 0.203125 0.258333 
0 0.752344 0.675 0.157813 0.258333 
0 0.335938 0.616667 0.203125 0.258333 
0 0.753125 0.679167 0.15625 0.258333 
0 0.338281 0.613542 0.201562 0.252083 
0 0.753125 0.679167 0.15625 0.258333 
0 0.338281 0.613542 0.201562 0.252083 
0 0.753125 0.679167 0.15625 0.258333 
0 0.338281 0.613542 0.201562 0.252083 
0 0.75 0.683333 0.15625 0.258333 
0 0.342187 0.611458 0.209375 0.239583 
0 0.75 0.683333 0.15625 0.258333 
0 0.342187 0.611458 0.209375 0.239583 
0 0.340625 0.611458 0.2125 0.239583 
0 0.753125 0.686458 0.15625 0.252083 
0 0.340625 0.611458 0.2125 0.239583 
0 0.753125 0.686458 0.15625 0.252083 
0 0.340625 0.611458 0.2125 0.239583 
0 0.753125 0.686458 0.15625 0.252083 
0 0.752344 0.685417 0.154687 0.25 
0 0.342969 0.6125 0.210938 0.241667 
0 0.752344 0.685417 0.154687 0.25 
0 0.342969 0.6125 0.210938 0.241667 
0 0.752344 0.685417 0.154687 0.25 
0 0.342969 0.6125 0.210938 0.241667 
0 0.749219 0.678125 0.160938 0.24375 
0 0.346094 0.6125 0.207813 0.233333 
0 0.749219 0.678125 0.160938 0.24375 
0 0.346094 0.6125 0.207813 0.233333 
0 0.753125 0.653125 0.1625 0.24375 
0 0.350781 0.601042 0.217187 0.235417 
0 0.753125 0.653125 0.1625 0.24375 
0 0.350781 0.601042 0.217187 0.235417 
0 0.346875 0.59375 0.2125 0.2375 
0 0.761719 0.647917 0.157813 0.245833 
0 0.346875 0.59375 0.2125 0.2375 
0 0.761719 0.647917 0.157813 0.245833 
0 0.346875 0.59375 0.2125 0.2375 
0 0.761719 0.647917 0.157813 0.245833 
0 0.7625 0.647917 0.15625 0.245833 
0 0.339844 0.5875 0.204688 0.233333 
0 0.7625 0.647917 0.15625 0.245833 
0 0.339844 0.5875 0.204688 0.233333 
0 0.7625 0.647917 0.15625 0.245833 
0 0.339844 0.5875 0.204688 0.233333 
0 0.7625 0.65 0.15625 0.25 
0 0.341406 0.585417 0.204688 0.233333 
0 0.7625 0.65 0.15625 0.25 
0 0.341406 0.585417 0.204688 0.233333 
0 0.761719 0.648958 0.157813 0.252083 
0 0.335938 0.589583 0.209375 0.2375 
0 0.761719 0.648958 0.157813 0.252083 
0 0.335938 0.589583 0.209375 0.2375 
0 0.761719 0.648958 0.157813 0.252083 
0 0.335938 0.589583 0.209375 0.2375 
0 0.7625 0.647917 0.15625 0.258333 
0 0.338281 0.589583 0.207813 0.233333 
0 0.7625 0.647917 0.15625 0.258333 
0 0.338281 0.589583 0.207813 0.233333 
0 0.7625 0.647917 0.15625 0.258333 
0 0.338281 0.589583 0.207813 0.233333 
0 0.765625 0.645833 0.15625 0.245833 
0 0.336719 0.591667 0.207813 0.233333 
0 0.765625 0.645833 0.15625 0.245833 
0 0.336719 0.591667 0.207813 0.233333 
0 0.766406 0.65 0.154687 0.25 
0 0.338281 0.592708 0.207813 0.23125 
0 0.766406 0.65 0.154687 0.25 
0 0.338281 0.592708 0.207813 0.23125 
0 0.766406 0.65 0.154687 0.25 
0 0.338281 0.592708 0.207813 0.23125 
0 0.767969 0.655208 0.151562 0.260417 
0 0.335938 0.596875 0.209375 0.235417 
0 0.767969 0.655208 0.151562 0.260417 
0 0.335938 0.596875 0.209375 0.235417 
0 0.767969 0.655208 0.151562 0.260417 
0 0.335938 0.596875 0.209375 0.235417 
0 0.771875 0.659375 0.15 0.25625 
0 0.335938 0.6 0.209375 0.2375 
0 0.771875 0.659375 0.15 0.25625 
0 0.335938 0.6 0.209375 0.2375 
0 0.772656 0.6625 0.148438 0.258333 
0 0.339063 0.602083 0.209375 0.2375 
0 0.772656 0.6625 0.148438 0.258333 
0 0.339063 0.602083 0.209375 0.2375 
0 0.772656 0.663542 0.151562 0.25625 
0 0.341406 0.604167 0.210938 0.2375 
0 0.772656 0.663542 0.151562 0.25625 
0 0.341406 0.604167 0.210938 0.2375 
0 0.772656 0.663542 0.151562 0.25625 
0 0.341406 0.604167 0.210938 0.2375 
0 0.774219 0.665625 0.148438 0.25625 
0 0.341406 0.604167 0.214062 0.233333 
0 0.774219 0.665625 0.148438 0.25625 
0 0.341406 0.604167 0.214062 0.233333 
0 0.774219 0.665625 0.148438 0.25625 
0 0.341406 0.604167 0.214062 0.233333 
0 0.775781 0.665625 0.148438 0.25625 
0 0.344531 0.608333 0.214062 0.233333 
0 0.775781 0.665625 0.148438 0.25625 
0 0.344531 0.608333 0.214062 0.233333 
0 0.778125 0.666667 0.15 0.258333 
0 0.34375 0.609375 0.209375 0.222917 
0 0.778125 0.666667 0.15 0.258333 
0 0.34375 0.609375 0.209375 0.222917 
0 0.778125 0.666667 0.15 0.258333 
0 0.34375 0.609375 0.209375 0.222917 
0 0.772656 0.661458 0.154687 0.264583 
0 0.340625 0.609375 0.2125 0.239583 
0 0.772656 0.661458 0.154687 0.264583 
0 0.340625 0.609375 0.2125 0.239583 
0 0.772656 0.661458 0.154687 0.264583 
0 0.340625 0.609375 0.2125 0.239583 
0 0.753125 0.659375 0.1625 0.252083 
0 0.329688 0.616667 0.209375 0.241667 
0 0.753125 0.659375 0.1625 0.252083 
0 0.329688 0.616667 0.209375 0.241667 
0 0.317969 0.617708 0.207813 0.227083 
0 0.7375 0.655208 0.16875 0.25625 
0 0.317969 0.617708 0.207813 0.227083 
0 0.7375 0.655208 0.16875 0.25625 
0 0.317969 0.617708 0.207813 0.227083 
0 0.7375 0.655208 0.16875 0.25625 
0 0.307031 0.596875 0.210938 0.23125 
0 0.721875 0.645833 0.16875 0.241667 
0 0.307031 0.596875 0.210938 0.23125 
0 0.721875 0.645833 0.16875 0.241667 
0 0.307031 0.596875 0.210938 0.23125 
0 0.721875 0.645833 0.16875 0.241667 
0 0.304688 0.589583 0.209375 0.229167 
0 0.713281 0.644792 0.173438 0.24375 
0 0.304688 0.589583 0.209375 0.229167 
0 0.713281 0.644792 0.173438 0.24375 
0 0.305469 0.596875 0.217187 0.227083 
0 0.707812 0.647917 0.178125 0.2375 
0 0.305469 0.596875 0.217187 0.227083 
0 0.707812 0.647917 0.178125 0.2375 
0 0.305469 0.596875 0.217187 0.227083 
0 0.707812 0.647917 0.178125 0.2375 
0 0.710156 0.645833 0.176563 0.229167 
0 0.30625 0.596875 0.21875 0.227083 
0 0.710156 0.645833 0.176563 0.229167 
0 0.30625 0.596875 0.21875 0.227083 
0 0.307031 0.595833 0.217187 0.233333 
0 0.714844 0.641667 0.176563 0.233333 
0 0.307031 0.595833 0.217187 0.233333 
0 0.714844 0.641667 0.176563 0.233333 
0 0.307031 0.595833 0.217187 0.233333 
0 0.714844 0.641667 0.176563 0.233333 
0 0.308594 0.592708 0.210938 0.23125 
0 0.71875 0.64375 0.18125 0.225 
0 0.308594 0.592708 0.210938 0.23125 
0 0.71875 0.64375 0.18125 0.225 
0 0.317969 0.589583 0.220313 0.2375 
0 0.721094 0.640625 0.173438 0.227083 
0 0.317969 0.589583 0.220313 0.2375 
0 0.721094 0.640625 0.173438 0.227083 
0 0.317969 0.589583 0.220313 0.2375 
0 0.721094 0.640625 0.173438 0.227083 
0 0.321875 0.590625 0.21875 0.239583 
0 0.723437 0.639583 0.171875 0.2375 
0 0.321875 0.590625 0.21875 0.239583 
0 0.723437 0.639583 0.171875 0.2375 
0 0.328125 0.59375 0.215625 0.2375 
0 0.723437 0.64375 0.171875 0.233333 
0 0.328125 0.59375 0.215625 0.2375 
0 0.723437 0.64375 0.171875 0.233333 
0 0.328125 0.59375 0.215625 0.2375 
0 0.723437 0.64375 0.171875 0.233333 
0 0.333594 0.592708 0.217187 0.235417 
0 0.728125 0.648958 0.16875 0.23125 
0 0.333594 0.592708 0.217187 0.235417 
0 0.728125 0.648958 0.16875 0.23125 
0 0.333594 0.592708 0.217187 0.235417 
0 0.728125 0.648958 0.16875 0.23125 
0 0.333594 0.591667 0.217187 0.233333 
0 0.730469 0.648958 0.167187 0.235417 
0 0.333594 0.591667 0.217187 0.233333 
0 0.730469 0.648958 0.167187 0.235417 
0 0.732813 0.651042 0.171875 0.23125 
0 0.335938 0.594792 0.215625 0.23125 
0 0.732813 0.651042 0.171875 0.23125 
0 0.335938 0.594792 0.215625 0.23125 
0 0.732813 0.651042 0.171875 0.23125 
0 0.335938 0.594792 0.215625 0.23125 
0 0.733594 0.642708 0.176563 0.239583 
0 0.333594 0.594792 0.220313 0.235417 
0 0.733594 0.642708 0.176563 0.239583 
0 0.333594 0.594792 0.220313 0.235417 
0 0.732813 0.641667 0.171875 0.233333 
0 0.332031 0.588542 0.217187 0.235417 
0 0.732813 0.641667 0.171875 0.233333 
0 0.332031 0.588542 0.217187 0.235417 
0 0.732813 0.641667 0.171875 0.233333 
0 0.332031 0.588542 0.217187 0.235417 
0 0.326562 0.5875 0.21875 0.233333 
0 0.733594 0.644792 0.167187 0.247917 
0 0.326562 0.5875 0.21875 0.233333 
0 0.733594 0.644792 0.167187 0.247917 
0 0.735937 0.648958 0.165625 0.252083 
0 0.320312 0.586458 0.215625 0.23125 
0 0.735937 0.648958 0.165625 0.252083 
0 0.320312 0.586458 0.215625 0.23125 
0 0.735937 0.648958 0.165625 0.252083 
0 0.320312 0.586458 0.215625 0.23125 
0 0.316406 0.5875 0.217187 0.233333 
0 0.730469 0.652083 0.170312 0.254167 
0 0.316406 0.5875 0.217187 0.233333 
0 0.730469 0.652083 0.170312 0.254167 
0 0.316406 0.5875 0.217187 0.233333 
0 0.730469 0.652083 0.170312 0.254167 
0 0.311719 0.594792 0.210938 0.227083 
0 0.725 0.647917 0.16875 0.2375 
0 0.311719 0.594792 0.210938 0.227083 
0 0.725 0.647917 0.16875 0.2375 
0 0.3125 0.607292 0.21875 0.227083 
0 0.726562 0.646875 0.171875 0.235417 
0 0.3125 0.607292 0.21875 0.227083 
0 0.726562 0.646875 0.171875 0.235417 
0 0.3125 0.607292 0.21875 0.227083 
0 0.726562 0.646875 0.171875 0.235417 
0 0.726562 0.645833 0.171875 0.225 
0 0.309375 0.59375 0.21875 0.233333 
0 0.726562 0.645833 0.171875 0.225 
0 0.309375 0.59375 0.21875 0.233333 
0 0.726562 0.645833 0.171875 0.225 
0 0.309375 0.59375 0.21875 0.233333 
0 0.727344 0.645833 0.170312 0.216667 
0 0.313281 0.576042 0.214062 0.235417 
0 0.727344 0.645833 0.170312 0.216667 
0 0.313281 0.576042 0.214062 0.235417 
0 0.313281 0.570833 0.210938 0.2375 
0 0.730469 0.638542 0.179688 0.20625 
0 0.313281 0.570833 0.210938 0.2375 
0 0.730469 0.638542 0.179688 0.20625 
0 0.313281 0.570833 0.210938 0.2375 
0 0.730469 0.638542 0.179688 0.20625 
0 0.733594 0.627083 0.182812 0.204167 
0 0.314844 0.575 0.220313 0.241667 
0 0.733594 0.627083 0.182812 0.204167 
0 0.314844 0.575 0.220313 0.241667 
0 0.733594 0.627083 0.182812 0.204167 
0 0.314844 0.575 0.220313 0.241667 
0 0.317187 0.577083 0.221875 0.233333 
0 0.739062 0.6125 0.178125 0.2375 
0 0.317187 0.577083 0.221875 0.233333 
0 0.739062 0.6125 0.178125 0.2375 
0 0.754687 0.602083 0.159375 0.254167 
0 0.320312 0.579167 0.215625 0.229167 
0 0.754687 0.602083 0.159375 0.254167 
0 0.320312 0.579167 0.215625 0.229167 
0 0.754687 0.602083 0.159375 0.254167 
0 0.320312 0.579167 0.215625 0.229167 
0 0.324219 0.580208 0.217187 0.227083 
0 0.74375 0.614583 0.175 0.241667 
0 0.324219 0.580208 0.217187 0.227083 
0 0.74375 0.614583 0.175 0.241667 
0 0.7375 0.630208 0.18125 0.19375 
0 0.324219 0.577083 0.214062 0.225 
0 0.7375 0.630208 0.18125 0.19375 
0 0.324219 0.577083 0.214062 0.225 
0 0.7375 0.630208 0.18125 0.19375 
0 0.324219 0.577083 0.214062 0.225 
0 0.735937 0.627083 0.184375 0.195833 
0 0.322656 0.578125 0.210938 0.227083 
0 0.735937 0.627083 0.184375 0.195833 
0 0.322656 0.578125 0.210938 0.227083 
0 0.735937 0.627083 0.184375 0.195833 
0 0.322656 0.578125 0.210938 0.227083 
0 0.7375 0.625 0.184375 0.195833 
0 0.326562 0.578125 0.215625 0.227083 
0 0.7375 0.625 0.184375 0.195833 
0 0.326562 0.578125 0.215625 0.227083 
0 0.738281 0.625 0.182812 0.191667 
0 0.324219 0.576042 0.214062 0.227083 
0 0.738281 0.625 0.182812 0.191667 
0 0.324219 0.576042 0.214062 0.227083 
0 0.738281 0.625 0.182812 0.191667 
0 0.324219 0.576042 0.214062 0.227083 
0 0.7375 0.621875 0.1875 0.20625 
0 0.327344 0.575 0.217187 0.229167 
0 0.7375 0.621875 0.1875 0.20625 
0 0.327344 0.575 0.217187 0.229167 
0 0.7375 0.621875 0.1875 0.20625 
0 0.327344 0.575 0.217187 0.229167 
0 0.739844 0.611458 0.185937 0.189583 
0 0.326562 0.571875 0.215625 0.239583 
0 0.739844 0.611458 0.185937 0.189583 
0 0.326562 0.571875 0.215625 0.239583 
0 0.74375 0.610417 0.18125 0.166667 
0 0.325781 0.567708 0.223438 0.239583 
0 0.74375 0.610417 0.18125 0.166667 
0 0.325781 0.567708 0.223438 0.239583 
0 0.74375 0.610417 0.18125 0.166667 
0 0.325781 0.567708 0.223438 0.239583 
0 0.745313 0.6 0.18125 0.166667 
0 0.324219 0.564583 0.220313 0.241667 
0 0.745313 0.6 0.18125 0.166667 
0 0.324219 0.564583 0.220313 0.241667 
0 0.745313 0.6 0.18125 0.166667 
0 0.324219 0.564583 0.220313 0.241667 
0 0.744531 0.591667 0.176563 0.166667 
0 0.325781 0.567708 0.217187 0.239583 
0 0.744531 0.591667 0.176563 0.166667 
0 0.325781 0.567708 0.217187 0.239583 
0 0.745313 0.601042 0.178125 0.160417 
0 0.326562 0.56875 0.221875 0.2375 
0 0.745313 0.601042 0.178125 0.160417 
0 0.326562 0.56875 0.221875 0.2375 
0 0.745313 0.601042 0.178125 0.160417 
0 0.326562 0.56875 0.221875 0.2375 
0 0.744531 0.607292 0.179688 0.15625 
0 0.326562 0.567708 0.221875 0.235417 
0 0.744531 0.607292 0.179688 0.15625 
0 0.326562 0.567708 0.221875 0.235417 
0 0.744531 0.607292 0.179688 0.15625 
0 0.326562 0.567708 0.221875 0.235417 
0 0.742969 0.597917 0.179688 0.220833 
0 0.320312 0.580208 0.20625 0.227083 
0 0.742969 0.597917 0.179688 0.220833 
0 0.320312 0.580208 0.20625 0.227083 
0 0.739062 0.614583 0.178125 0.229167 
0 0.319531 0.591667 0.201562 0.225 
0 0.739062 0.614583 0.178125 0.229167 
0 0.319531 0.591667 0.201562 0.225 
0 0.739062 0.614583 0.178125 0.229167 
0 0.319531 0.591667 0.201562 0.225 
0 0.738281 0.641667 0.185937 0.179167 
0 0.321875 0.605208 0.209375 0.227083 
0 0.738281 0.641667 0.185937 0.179167 
0 0.321875 0.605208 0.209375 0.227083 
0 0.738281 0.641667 0.185937 0.179167 
0 0.321875 0.605208 0.209375 0.227083 
0 0.742969 0.64375 0.182812 0.1875 
0 0.317187 0.617708 0.2 0.227083 
0 0.742969 0.64375 0.182812 0.1875 
0 0.317187 0.617708 0.2 0.227083 
0 0.741406 0.647917 0.182812 0.1875 
0 0.320312 0.620833 0.20625 0.233333 
0 0.741406 0.647917 0.182812 0.1875 
0 0.320312 0.620833 0.20625 0.233333 
0 0.741406 0.647917 0.182812 0.1875 
0 0.320312 0.620833 0.20625 0.233333 
0 0.74375 0.648958 0.1875 0.185417 
0 0.316406 0.61875 0.198437 0.229167 
0 0.74375 0.648958 0.1875 0.185417 
0 0.316406 0.61875 0.198437 0.229167 
0 0.74375 0.648958 0.1875 0.185417 
0 0.316406 0.61875 0.198437 0.229167 
0 0.742969 0.654167 0.185937 0.183333 
0 0.319531 0.614583 0.226562 0.2375 
0 0.742969 0.654167 0.185937 0.183333 
0 0.319531 0.614583 0.226562 0.2375 
0 0.7375 0.654167 0.1875 0.208333 
0 0.309375 0.621875 0.209375 0.239583 
0 0.7375 0.654167 0.1875 0.208333 
0 0.309375 0.621875 0.209375 0.239583 
0 0.734375 0.661458 0.18125 0.23125 
0 0.311719 0.629167 0.232812 0.241667 
0 0.734375 0.661458 0.18125 0.23125 
0 0.311719 0.629167 0.232812 0.241667 
0 0.734375 0.661458 0.18125 0.23125 
0 0.311719 0.629167 0.232812 0.241667 
0 0.734375 0.661458 0.18125 0.23125 
0 0.311719 0.629167 0.232812 0.241667 
0 0.739062 0.6625 0.1875 0.233333 
0 0.307813 0.61875 0.215625 0.245833 
0 0.739062 0.6625 0.1875 0.233333 
0 0.307813 0.61875 0.215625 0.245833 
0 0.750781 0.661458 0.192188 0.197917 
0 0.307813 0.602083 0.221875 0.2375 
0 0.750781 0.661458 0.192188 0.197917 
0 0.307813 0.602083 0.221875 0.2375 
0 0.75625 0.644792 0.19375 0.202083 
0 0.302344 0.589583 0.220313 0.2375 
0 0.75625 0.644792 0.19375 0.202083 
0 0.302344 0.589583 0.220313 0.2375 
0 0.75625 0.644792 0.19375 0.202083 
0 0.302344 0.589583 0.220313 0.2375 
0 0.75625 0.644792 0.19375 0.202083 
0 0.302344 0.589583 0.220313 0.2375 
0 0.74375 0.642708 0.1875 0.185417 
0 0.302344 0.590625 0.229687 0.239583 
0 0.74375 0.642708 0.1875 0.185417 
0 0.302344 0.590625 0.229687 0.239583 
0 0.735937 0.652083 0.190625 0.195833 
0 0.300781 0.6 0.239063 0.2375 
0 0.735937 0.652083 0.190625 0.195833 
0 0.300781 0.6 0.239063 0.2375 
0 0.73125 0.660417 0.19375 0.208333 
0 0.292188 0.605208 0.228125 0.239583 
0 0.73125 0.660417 0.19375 0.208333 
0 0.292188 0.605208 0.228125 0.239583 
0 0.73125 0.660417 0.19375 0.208333 
0 0.292188 0.605208 0.228125 0.239583 
0 0.725 0.660417 0.1875 0.220833 
0 0.289844 0.610417 0.229687 0.241667 
0 0.725 0.660417 0.1875 0.220833 
0 0.289844 0.610417 0.229687 0.241667 
0 0.725 0.660417 0.1875 0.220833 
0 0.289844 0.610417 0.229687 0.241667 
0 0.71875 0.6625 0.1875 0.225 
0 0.285937 0.611458 0.23125 0.24375 
0 0.71875 0.6625 0.1875 0.225 
0 0.285937 0.611458 0.23125 0.24375 
0 0.717969 0.6625 0.185937 0.216667 
0 0.279687 0.608333 0.221875 0.241667 
0 0.717969 0.6625 0.185937 0.216667 
0 0.279687 0.608333 0.221875 0.241667 
0 0.717969 0.6625 0.185937 0.216667 
0 0.279687 0.608333 0.221875 0.241667 
0 0.720312 0.652083 0.18125 0.220833 
0 0.282031 0.60625 0.226562 0.2375 
0 0.720312 0.652083 0.18125 0.220833 
0 0.282031 0.60625 0.226562 0.2375 
0 0.720312 0.652083 0.18125 0.220833 
0 0.282031 0.60625 0.226562 0.2375 
0 0.720312 0.653125 0.178125 0.222917 
0 0.282813 0.603125 0.228125 0.239583 
0 0.720312 0.653125 0.178125 0.222917 
0 0.282813 0.603125 0.228125 0.239583 
0 0.282813 0.598958 0.228125 0.239583 
0 0.721875 0.652083 0.175 0.229167 
0 0.282813 0.598958 0.228125 0.239583 
0 0.721875 0.652083 0.175 0.229167 
0 0.282813 0.598958 0.228125 0.239583 
0 0.721875 0.652083 0.175 0.229167 
0 0.280469 0.596875 0.223438 0.239583 
0 0.720312 0.652083 0.175 0.229167 
0 0.280469 0.596875 0.223438 0.239583 
0 0.720312 0.652083 0.175 0.229167 
0 0.280469 0.596875 0.223438 0.239583 
0 0.720312 0.652083 0.175 0.229167 
0 0.276563 0.595833 0.221875 0.2375 
0 0.724219 0.645833 0.170312 0.233333 
0 0.276563 0.595833 0.221875 0.2375 
0 0.724219 0.645833 0.170312 0.233333 
0 0.277344 0.594792 0.220313 0.235417 
0 0.726562 0.647917 0.171875 0.233333 
0 0.277344 0.594792 0.220313 0.235417 
0 0.726562 0.647917 0.171875 0.233333 
0 0.277344 0.594792 0.220313 0.235417 
0 0.726562 0.647917 0.171875 0.233333 
0 0.28125 0.586458 0.21875 0.235417 
0 0.722656 0.65 0.170312 0.233333 
0 0.28125 0.586458 0.21875 0.235417 
0 0.722656 0.65 0.170312 0.233333 
0 0.28125 0.586458 0.21875 0.235417 
0 0.722656 0.65 0.170312 0.233333 
0 0.282031 0.595833 0.226562 0.2375 
0 0.720312 0.654167 0.171875 0.229167 
0 0.282031 0.595833 0.226562 0.2375 
0 0.720312 0.654167 0.171875 0.229167 
0 0.282031 0.602083 0.223438 0.2375 
0 0.721094 0.654167 0.173438 0.225 
0 0.282031 0.602083 0.223438 0.2375 
0 0.721094 0.654167 0.173438 0.225 
0 0.282031 0.602083 0.223438 0.2375 
0 0.721094 0.654167 0.173438 0.225 
0 0.720312 0.659375 0.171875 0.222917 
0 0.28125 0.60625 0.225 0.2375 
0 0.720312 0.659375 0.171875 0.222917 
0 0.28125 0.60625 0.225 0.2375 
0 0.721875 0.663542 0.171875 0.222917 
0 0.277344 0.614583 0.223438 0.241667 
0 0.721875 0.663542 0.171875 0.222917 
0 0.277344 0.614583 0.223438 0.241667 
0 0.721875 0.663542 0.171875 0.222917 
0 0.277344 0.614583 0.223438 0.241667 
0 0.722656 0.663542 0.170312 0.222917 
0 0.278906 0.615625 0.226562 0.239583 
0 0.722656 0.663542 0.170312 0.222917 
0 0.278906 0.615625 0.226562 0.239583 
0 0.724219 0.666667 0.170312 0.220833 
0 0.278906 0.616667 0.220313 0.2375 
0 0.724219 0.666667 0.170312 0.220833 
0 0.278906 0.616667 0.220313 0.2375 
0 0.724219 0.666667 0.170312 0.220833 
0 0.278906 0.616667 0.220313 0.2375 
0 0.279687 0.614583 0.221875 0.2375 
0 0.724219 0.664583 0.170312 0.225 
0 0.279687 0.614583 0.221875 0.2375 
0 0.724219 0.664583 0.170312 0.225 
0 0.725 0.6625 0.16875 0.225 
0 0.277344 0.613542 0.220313 0.239583 
0 0.725 0.6625 0.16875 0.225 
0 0.277344 0.613542 0.220313 0.239583 
0 0.725 0.663542 0.16875 0.222917 
0 0.275781 0.613542 0.217187 0.239583 
0 0.725 0.663542 0.16875 0.222917 
0 0.275781 0.613542 0.217187 0.239583 
0 0.725 0.663542 0.16875 0.222917 
0 0.275781 0.613542 0.217187 0.239583 
0 0.725 0.664583 0.16875 0.220833 
0 0.279687 0.614583 0.221875 0.2375 
0 0.725 0.664583 0.16875 0.220833 
0 0.279687 0.614583 0.221875 0.2375 
0 0.725 0.664583 0.16875 0.220833 
0 0.279687 0.614583 0.221875 0.2375 
0 0.726562 0.664583 0.171875 0.225 
0 0.285156 0.613542 0.223438 0.239583 
0 0.726562 0.664583 0.171875 0.225 
0 0.285156 0.613542 0.223438 0.239583 
0 0.725 0.664583 0.16875 0.220833 
0 0.285937 0.609375 0.228125 0.239583 
0 0.725 0.664583 0.16875 0.220833 
0 0.285937 0.609375 0.228125 0.239583 
0 0.725 0.664583 0.16875 0.220833 
0 0.285937 0.609375 0.228125 0.239583 
0 0.722656 0.663542 0.170312 0.214583 
0 0.286719 0.602083 0.220313 0.233333 
0 0.722656 0.663542 0.170312 0.214583 
0 0.286719 0.602083 0.220313 0.233333 
0 0.723437 0.664583 0.171875 0.2125 
0 0.285937 0.598958 0.21875 0.23125 
0 0.723437 0.664583 0.171875 0.2125 
0 0.285937 0.598958 0.21875 0.23125 
0 0.723437 0.664583 0.171875 0.2125 
0 0.285937 0.598958 0.21875 0.23125 
0 0.725 0.6625 0.16875 0.216667 
0 0.288281 0.597917 0.220313 0.233333 
0 0.725 0.6625 0.16875 0.216667 
0 0.288281 0.597917 0.220313 0.233333 
0 0.725781 0.6625 0.170312 0.216667 
0 0.289844 0.59375 0.226562 0.2375 
0 0.725781 0.6625 0.170312 0.216667 
0 0.289844 0.59375 0.226562 0.2375 
0 0.725781 0.6625 0.170312 0.216667 
0 0.289844 0.59375 0.226562 0.2375 
0 0.728125 0.6625 0.16875 0.216667 
0 0.286719 0.589583 0.226562 0.2375 
0 0.728125 0.6625 0.16875 0.216667 
0 0.286719 0.589583 0.226562 0.2375 
0 0.728125 0.6625 0.16875 0.216667 
0 0.286719 0.589583 0.226562 0.2375 
0 0.729688 0.664583 0.171875 0.220833 
0 0.282813 0.592708 0.228125 0.239583 
0 0.729688 0.664583 0.171875 0.220833 
0 0.282813 0.592708 0.228125 0.239583 
0 0.73125 0.666667 0.171875 0.225 
0 0.284375 0.596875 0.225 0.239583 
0 0.73125 0.666667 0.171875 0.225 
0 0.284375 0.596875 0.225 0.239583 
0 0.73125 0.666667 0.171875 0.225 
0 0.284375 0.596875 0.225 0.239583 
0 0.286719 0.596875 0.226562 0.239583 
0 0.734375 0.679167 0.175 0.225 
0 0.286719 0.596875 0.226562 0.239583 
0 0.734375 0.679167 0.175 0.225 
0 0.286719 0.596875 0.226562 0.239583 
0 0.734375 0.679167 0.175 0.225 
0 0.2875 0.597917 0.225 0.2375 
0 0.740625 0.744792 0.165625 0.277083 
0 0.2875 0.597917 0.225 0.2375 
0 0.740625 0.744792 0.165625 0.277083 
0 0.727344 0.920833 0.192188 0.158333 
0 0.286719 0.597917 0.226562 0.2375 
0 0.727344 0.920833 0.192188 0.158333 
0 0.286719 0.597917 0.226562 0.2375 
0 0.727344 0.920833 0.192188 0.158333 
0 0.286719 0.597917 0.226562 0.2375 
0 0.285937 0.596875 0.228125 0.239583 
0 0.285937 0.596875 0.228125 0.239583 
0 0.290625 0.596875 0.23125 0.239583 
0 0.290625 0.596875 0.23125 0.239583 
0 0.290625 0.596875 0.23125 0.239583 
0 0.294531 0.597917 0.232812 0.2375 
0 0.294531 0.597917 0.232812 0.2375 
0 0.294531 0.597917 0.232812 0.2375 
0 0.295312 0.601042 0.23125 0.239583 
0 0.295312 0.601042 0.23125 0.239583 
0 0.292969 0.597917 0.229687 0.2375 
0 0.292969 0.597917 0.229687 0.2375 
0 0.292969 0.597917 0.229687 0.2375 
0 0.296094 0.597917 0.232812 0.2375 
0 0.296094 0.597917 0.232812 0.2375 
0 0.296094 0.597917 0.232812 0.2375 
0 0.299219 0.597917 0.235938 0.2375 
0 0.299219 0.597917 0.235938 0.2375 
0 0.300781 0.601042 0.235938 0.235417 
0 0.300781 0.601042 0.235938 0.235417 
0 0.300781 0.601042 0.235938 0.235417 
0 0.303125 0.603125 0.2375 0.235417 
0 0.303125 0.603125 0.2375 0.235417 
0 0.303125 0.603125 0.2375 0.235417 
0 0.3 0.60625 0.2375 0.2375 
0 0.3 0.60625 0.2375 0.2375 
0 0.3 0.60625 0.2375 0.2375 
0 0.300781 0.604167 0.235938 0.2375 
0 0.300781 0.604167 0.235938 0.2375 
0 0.298438 0.605208 0.2375 0.239583 
0 0.298438 0.605208 0.2375 0.239583 
0 0.298438 0.605208 0.2375 0.239583 
0 0.298438 0.605208 0.2375 0.239583 
0 0.298438 0.605208 0.2375 0.239583 
0 0.298438 0.605208 0.2375 0.239583 
0 0.3 0.605208 0.234375 0.239583 
0 0.3 0.605208 0.234375 0.239583 
0 0.298438 0.60625 0.234375 0.2375 
0 0.298438 0.60625 0.234375 0.2375 
0 0.298438 0.60625 0.234375 0.2375 
0 0.301562 0.60625 0.240625 0.2375 
0 0.301562 0.60625 0.240625 0.2375 
0 0.301562 0.60625 0.240625 0.2375 
0 0.3 0.605208 0.2375 0.239583 
0 0.3 0.605208 0.2375 0.239583 
0 0.3 0.60625 0.2375 0.2375 
0 0.3 0.60625 0.2375 0.2375 
0 0.296094 0.60625 0.235938 0.2375 
0 0.296094 0.60625 0.235938 0.2375 
0 0.296094 0.60625 0.235938 0.2375 
0 0.296094 0.604167 0.232812 0.2375 
0 0.296094 0.604167 0.232812 0.2375 
0 0.295312 0.604167 0.234375 0.2375 
0 0.29375 0.605208 0.234375 0.239583 
0 0.29375 0.605208 0.234375 0.239583 
0 0.29375 0.605208 0.234375 0.239583 
0 0.292188 0.60625 0.234375 0.2375 
0 0.292188 0.60625 0.234375 0.2375 
0 0.732031 0.935417 0.107813 0.129167 
0 0.291406 0.607292 0.232812 0.239583 
0 0.722656 0.913542 0.179688 0.172917 
0 0.288281 0.60625 0.229687 0.2375 
0 0.722656 0.913542 0.179688 0.172917 
0 0.288281 0.60625 0.229687 0.2375 
0 0.284375 0.605208 0.228125 0.239583 
0 0.284375 0.605208 0.228125 0.239583 
0 0.285937 0.60625 0.228125 0.2375 
0 0.285937 0.60625 0.228125 0.2375 
0 0.732813 0.738542 0.178125 0.189583 
0 0.288281 0.60625 0.229687 0.2375 
0 0.728125 0.708333 0.1625 0.158333 
0 0.290625 0.60625 0.234375 0.2375 
0 0.733594 0.696875 0.164062 0.160417 
0 0.294531 0.60625 0.229687 0.2375 
0 0.733594 0.696875 0.164062 0.160417 
0 0.294531 0.60625 0.229687 0.2375 
0 0.734375 0.683333 0.175 0.175 
0 0.29375 0.604167 0.23125 0.2375 
0 0.734375 0.683333 0.175 0.175 
0 0.29375 0.604167 0.23125 0.2375 
0 0.736719 0.670833 0.170312 0.1875 
0 0.29375 0.602083 0.23125 0.2375 
0 0.739062 0.666667 0.165625 0.1875 
0 0.292188 0.6 0.228125 0.2375 
0 0.742188 0.661458 0.1625 0.197917 
0 0.295312 0.597917 0.23125 0.2375 
0 0.742188 0.661458 0.1625 0.197917 
0 0.295312 0.597917 0.23125 0.2375 
0 0.742188 0.667708 0.165625 0.185417 
0 0.292969 0.597917 0.229687 0.2375 
0 0.742188 0.667708 0.165625 0.185417 
0 0.292969 0.597917 0.229687 0.2375 
0 0.74375 0.661458 0.1625 0.197917 
0 0.292188 0.597917 0.234375 0.2375 
0 0.74375 0.661458 0.1625 0.20625 
0 0.292969 0.597917 0.232812 0.2375 
0 0.74375 0.661458 0.1625 0.20625 
0 0.292969 0.597917 0.232812 0.2375 
0 0.742188 0.66875 0.165625 0.1875 
0 0.292969 0.598958 0.229687 0.235417 
0 0.742188 0.66875 0.165625 0.1875 
0 0.292969 0.598958 0.229687 0.235417 
0 0.742969 0.6625 0.160938 0.2 
0 0.294531 0.598958 0.229687 0.235417 
0 0.742969 0.6625 0.160938 0.2 
0 0.294531 0.598958 0.229687 0.235417 
0 0.740625 0.661458 0.1625 0.202083 
0 0.292188 0.598958 0.23125 0.235417 
0 0.736719 0.660417 0.167187 0.179167 
0 0.294531 0.601042 0.232812 0.235417 
0 0.736719 0.660417 0.167187 0.179167 
0 0.294531 0.601042 0.232812 0.235417 
0 0.735937 0.65625 0.171875 0.1875 
0 0.292188 0.597917 0.23125 0.2375 
0 0.735937 0.65625 0.171875 0.1875 
0 0.292188 0.597917 0.23125 0.2375 
0 0.734375 0.652083 0.171875 0.191667 
0 0.29375 0.59375 0.23125 0.233333 
0 0.734375 0.652083 0.171875 0.191667 
0 0.29375 0.59375 0.23125 0.233333 
0 0.728125 0.65 0.16875 0.191667 
0 0.29375 0.588542 0.228125 0.235417 
0 0.726562 0.647917 0.171875 0.191667 
0 0.290625 0.588542 0.23125 0.235417 
0 0.726562 0.647917 0.171875 0.191667 
0 0.290625 0.588542 0.23125 0.235417 
0 0.725781 0.645833 0.170312 0.191667 
0 0.284375 0.5875 0.23125 0.2375 
0 0.725781 0.645833 0.170312 0.191667 
0 0.284375 0.5875 0.23125 0.2375 
0 0.715625 0.655208 0.171875 0.189583 
0 0.270312 0.592708 0.221875 0.235417 
0 0.708594 0.657292 0.173438 0.189583 
0 0.261719 0.59375 0.223438 0.233333 
0 0.708594 0.657292 0.173438 0.189583 
0 0.261719 0.59375 0.223438 0.233333 
0 0.707031 0.658333 0.173438 0.191667 
0 0.253125 0.590625 0.225 0.23125 
0 0.707031 0.658333 0.173438 0.191667 
0 0.253125 0.590625 0.225 0.23125 
0 0.711719 0.659375 0.164062 0.177083 
0 0.239063 0.592708 0.21875 0.23125 
0 0.713281 0.667708 0.164062 0.19375 
0 0.228125 0.595833 0.21875 0.233333 
0 0.713281 0.667708 0.164062 0.19375 
0 0.228125 0.595833 0.21875 0.233333 
0 0.715625 0.66875 0.1625 0.195833 
0 0.221094 0.598958 0.214062 0.23125 
0 0.715625 0.66875 0.1625 0.195833 
0 0.221094 0.598958 0.214062 0.23125 
0 0.71875 0.66875 0.1625 0.195833 
0 0.213281 0.601042 0.210938 0.23125 
0 0.71875 0.66875 0.1625 0.195833 
0 0.213281 0.601042 0.210938 0.23125 
0 0.723437 0.661458 0.159375 0.19375 
0 0.210156 0.596875 0.210938 0.23125 
0 0.726562 0.655208 0.159375 0.197917 
0 0.209375 0.59375 0.215625 0.233333 
0 0.726562 0.655208 0.159375 0.197917 
0 0.209375 0.59375 0.215625 0.233333 
0 0.209375 0.584375 0.2125 0.23125 
0 0.735156 0.645833 0.160938 0.191667 
0 0.209375 0.584375 0.2125 0.23125 
0 0.735156 0.645833 0.160938 0.191667 
0 0.213281 0.580208 0.220313 0.23125 
0 0.740625 0.639583 0.15625 0.204167 
0 0.746094 0.638542 0.154687 0.197917 
0 0.216406 0.571875 0.220313 0.23125 
0 0.746094 0.638542 0.154687 0.197917 
0 0.216406 0.571875 0.220313 0.23125 
0 0.750781 0.625 0.154687 0.2 
0 0.2125 0.5625 0.215625 0.233333 
0 0.750781 0.625 0.154687 0.2 
0 0.2125 0.5625 0.215625 0.233333 
0 0.752344 0.61875 0.151562 0.2 
0 0.216406 0.557292 0.214062 0.235417 
0 0.754687 0.6125 0.153125 0.2 
0 0.215625 0.551042 0.20625 0.23125 
0 0.754687 0.6125 0.153125 0.2 
0 0.215625 0.551042 0.20625 0.23125 
0 0.214062 0.548958 0.215625 0.227083 
0 0.759375 0.608333 0.15625 0.208333 
0 0.214062 0.548958 0.215625 0.227083 
0 0.759375 0.608333 0.15625 0.208333 
0 0.761719 0.601042 0.151562 0.19375 
0 0.214062 0.538542 0.209375 0.235417 
0 0.764844 0.590625 0.151562 0.202083 
0 0.213281 0.528125 0.210938 0.23125 
0 0.764844 0.590625 0.151562 0.202083 
0 0.213281 0.528125 0.210938 0.23125 
0 0.764844 0.589583 0.151562 0.208333 
0 0.214844 0.526042 0.226562 0.235417 
0 0.764844 0.589583 0.151562 0.208333 
0 0.214844 0.526042 0.226562 0.235417 
0 0.765625 0.582292 0.15 0.202083 
0 0.214844 0.513542 0.214062 0.235417 
0 0.765625 0.582292 0.15 0.202083 
0 0.214844 0.513542 0.214062 0.235417 
0 0.21875 0.5125 0.225 0.233333 
0 0.767187 0.580208 0.153125 0.19375 
0 0.767969 0.577083 0.151562 0.195833 
0 0.222656 0.505208 0.220313 0.239583 
0 0.767969 0.577083 0.151562 0.195833 
0 0.222656 0.505208 0.220313 0.239583 
0 0.769531 0.573958 0.151562 0.185417 
0 0.228125 0.497917 0.225 0.245833 
0 0.769531 0.573958 0.151562 0.185417 
0 0.228125 0.497917 0.225 0.245833 
0 0.770312 0.573958 0.153125 0.19375 
0 0.229687 0.488542 0.221875 0.24375 
0 0.770312 0.573958 0.153125 0.19375 
0 0.229687 0.488542 0.221875 0.24375 
0 0.770312 0.563542 0.153125 0.21875 
0 0.236719 0.485417 0.226562 0.2375 
0 0.772656 0.563542 0.154687 0.20625 
0 0.229687 0.480208 0.228125 0.23125 
0 0.772656 0.563542 0.154687 0.20625 
0 0.229687 0.480208 0.228125 0.23125 
0 0.772656 0.561458 0.151562 0.210417 
0 0.23125 0.482292 0.23125 0.210417 
0 0.771094 0.558333 0.148438 0.208333 
0 0.225781 0.464583 0.217187 0.2375 
0 0.771094 0.558333 0.148438 0.208333 
0 0.225781 0.464583 0.217187 0.2375 
0 0.224219 0.466667 0.220313 0.225 
0 0.771094 0.548958 0.148438 0.210417 
0 0.224219 0.466667 0.220313 0.225 
0 0.771094 0.548958 0.148438 0.210417 
0 0.221875 0.463542 0.221875 0.23125 
0 0.771094 0.545833 0.148438 0.208333 
0 0.221875 0.463542 0.221875 0.23125 
0 0.771094 0.545833 0.148438 0.208333 
0 0.21875 0.458333 0.221875 0.233333 
0 0.773438 0.538542 0.14375 0.21875 
0 0.21875 0.458333 0.221875 0.233333 
0 0.773438 0.538542 0.14375 0.21875 
0 0.775 0.530208 0.14375 0.21875 
0 0.215625 0.45625 0.21875 0.229167 
0 0.217187 0.448958 0.228125 0.23125 
0 0.772656 0.521875 0.148438 0.222917 
0 0.217187 0.448958 0.228125 0.23125 
0 0.772656 0.521875 0.148438 0.222917 
0 0.214062 0.453125 0.215625 0.222917 
0 0.770312 0.516667 0.15 0.216667 
0 0.216406 0.451042 0.223438 0.210417 
0 0.771875 0.510417 0.146875 0.216667 
0 0.216406 0.451042 0.223438 0.210417 
0 0.771875 0.510417 0.146875 0.216667 
0 0.771094 0.5 0.148438 0.216667 
0 0.221875 0.43125 0.221875 0.233333 
0 0.771094 0.5 0.148438 0.216667 
0 0.221875 0.43125 0.221875 0.233333 
0 0.767969 0.491667 0.151562 0.216667 
0 0.223438 0.430208 0.228125 0.235417 
0 0.228906 0.43125 0.229687 0.229167 
0 0.766406 0.484375 0.151562 0.222917 
0 0.228906 0.43125 0.229687 0.229167 
0 0.766406 0.484375 0.151562 0.222917 
0 0.235156 0.420833 0.232812 0.216667 
0 0.766406 0.483333 0.154687 0.220833 
0 0.235156 0.420833 0.232812 0.216667 
0 0.766406 0.483333 0.154687 0.220833 
0 0.242188 0.408333 0.228125 0.225 
0 0.767187 0.483333 0.153125 0.216667 
0 0.76875 0.477083 0.15 0.220833 
0 0.246094 0.394792 0.232812 0.239583 
0 0.76875 0.477083 0.15 0.220833 
0 0.246094 0.394792 0.232812 0.239583 
0 0.76875 0.476042 0.15 0.214583 
0 0.251563 0.395833 0.234375 0.241667 
0 0.76875 0.476042 0.15 0.214583 
0 0.251563 0.395833 0.234375 0.241667 
0 0.771875 0.483333 0.15 0.216667 
0 0.253906 0.403125 0.226562 0.239583 
0 0.771875 0.483333 0.15 0.216667 
0 0.253906 0.403125 0.226562 0.239583 
0 0.25625 0.41875 0.23125 0.241667 
0 0.759375 0.489583 0.1625 0.220833 
0 0.25625 0.41875 0.23125 0.241667 
0 0.759375 0.489583 0.1625 0.220833 
0 0.75 0.497917 0.165625 0.2125 
0 0.260938 0.430208 0.24375 0.239583 
0 0.750781 0.496875 0.167187 0.21875 
0 0.265625 0.429167 0.246875 0.245833 
0 0.750781 0.496875 0.167187 0.21875 
0 0.265625 0.429167 0.246875 0.245833 
0 0.754687 0.494792 0.165625 0.21875 
0 0.269531 0.41875 0.248437 0.245833 
0 0.754687 0.494792 0.165625 0.21875 
0 0.269531 0.41875 0.248437 0.245833 
0 0.757812 0.498958 0.165625 0.222917 
0 0.271094 0.4125 0.251563 0.245833 
0 0.757031 0.497917 0.164062 0.220833 
0 0.270312 0.410417 0.259375 0.254167 
0 0.757031 0.497917 0.164062 0.220833 
0 0.270312 0.410417 0.259375 0.254167 
0 0.267188 0.4125 0.25625 0.254167 
0 0.759375 0.504167 0.1625 0.225 
0 0.267188 0.4125 0.25625 0.254167 
0 0.759375 0.504167 0.1625 0.225 
0 0.266406 0.43125 0.257812 0.258333 
0 0.767187 0.5125 0.159375 0.216667 
0 0.767969 0.525 0.157813 0.225 
0 0.263281 0.447917 0.257812 0.254167 
0 0.767969 0.525 0.157813 0.225 
0 0.263281 0.447917 0.257812 0.254167 
0 0.258594 0.46875 0.248437 0.254167 
0 0.764844 0.544792 0.160938 0.21875 
0 0.258594 0.46875 0.248437 0.254167 
0 0.764844 0.544792 0.160938 0.21875 
0 0.254687 0.495833 0.2375 0.258333 
0 0.763281 0.578125 0.164062 0.21875 
0 0.254687 0.495833 0.2375 0.258333 
0 0.763281 0.578125 0.164062 0.21875 
0 0.241406 0.515625 0.235938 0.252083 
0 0.763281 0.603125 0.160938 0.21875 
0 0.23125 0.532292 0.228125 0.252083 
0 0.759375 0.614583 0.1625 0.220833 
0 0.23125 0.532292 0.228125 0.252083 
0 0.759375 0.614583 0.1625 0.220833 
0 0.749219 0.625 0.160938 0.220833 
0 0.226562 0.545833 0.234375 0.25 
0 0.749219 0.625 0.160938 0.220833 
0 0.226562 0.545833 0.234375 0.25 
0 0.214062 0.55625 0.2375 0.25 
0 0.739062 0.6375 0.159375 0.216667 
0 0.19375 0.564583 0.225 0.258333 
0 0.728125 0.642708 0.1625 0.210417 
0 0.19375 0.564583 0.225 0.258333 
0 0.728125 0.642708 0.1625 0.210417 
0 0.178906 0.576042 0.217187 0.247917 
0 0.714063 0.651042 0.165625 0.21875 
0 0.178906 0.576042 0.217187 0.247917 
0 0.714063 0.651042 0.165625 0.21875 
0 0.171875 0.579167 0.20625 0.245833 
0 0.7125 0.652083 0.16875 0.2125 
0 0.18125 0.58125 0.215625 0.241667 
0 0.717188 0.657292 0.165625 0.214583 
0 0.18125 0.58125 0.215625 0.241667 
0 0.717188 0.657292 0.165625 0.214583 
0 0.192969 0.575 0.207813 0.241667 
0 0.730469 0.6625 0.164062 0.216667 
0 0.192969 0.575 0.207813 0.241667 
0 0.730469 0.6625 0.164062 0.216667 
0 0.202344 0.572917 0.204688 0.241667 
0 0.736719 0.664583 0.160938 0.2125 
0 0.211719 0.571875 0.223438 0.235417 
0 0.736719 0.664583 0.157813 0.208333 
0 0.211719 0.571875 0.223438 0.235417 
0 0.736719 0.664583 0.157813 0.208333 
0 0.728125 0.661458 0.15625 0.202083 
0 0.728125 0.661458 0.15625 0.202083 
0 0.217187 0.569792 0.20625 0.235417 
0 0.721875 0.663542 0.15 0.197917 
0 0.217187 0.569792 0.20625 0.235417 
0 0.721875 0.663542 0.15 0.197917 
0 0.217187 0.567708 0.209375 0.23125 
0 0.717969 0.664583 0.151562 0.195833 
0 0.217187 0.567708 0.209375 0.23125 
0 0.717969 0.664583 0.151562 0.195833 
0 0.217187 0.564583 0.203125 0.225 
0 0.716406 0.660417 0.151562 0.191667 
0 0.216406 0.560417 0.195312 0.220833 
0 0.716406 0.648958 0.151562 0.185417 
0 0.216406 0.560417 0.195312 0.220833 
0 0.716406 0.648958 0.151562 0.185417 
0 0.217187 0.557292 0.196875 0.21875 
0 0.710938 0.647917 0.153125 0.191667 
0 0.217187 0.557292 0.196875 0.21875 
0 0.710938 0.647917 0.153125 0.191667 
0 0.217969 0.557292 0.198437 0.21875 
0 0.70625 0.645833 0.153125 0.183333 
0 0.217969 0.557292 0.198437 0.21875 
0 0.70625 0.645833 0.153125 0.183333 
0 0.703125 0.645833 0.15 0.1875 
0 0.217187 0.560417 0.2 0.220833 
0 0.703125 0.645833 0.15 0.1875 
0 0.217187 0.560417 0.2 0.220833 
0 0.696875 0.641667 0.153125 0.183333 
0 0.222656 0.55625 0.204688 0.216667 
0 0.228125 0.557292 0.2 0.222917 
0 0.686719 0.6375 0.157813 0.183333 
0 0.228125 0.557292 0.2 0.222917 
0 0.686719 0.6375 0.157813 0.183333 
0 0.676562 0.635417 0.15625 0.1875 
0 0.233594 0.5625 0.192188 0.225 
0 0.676562 0.635417 0.15625 0.1875 
0 0.233594 0.5625 0.192188 0.225 
0 0.245312 0.572917 0.196875 0.220833 
0 0.665625 0.645833 0.15625 0.175 
0 0.246875 0.579167 0.19375 0.220833 
0 0.661719 0.648958 0.154687 0.16875 
0 0.246875 0.579167 0.19375 0.220833 
0 0.661719 0.648958 0.154687 0.16875 
0 0.658594 0.659375 0.154687 0.16875 
0 0.257031 0.585417 0.210938 0.220833 
0 0.658594 0.659375 0.154687 0.16875 
0 0.257031 0.585417 0.210938 0.220833 
0 0.653906 0.673958 0.151562 0.16875 
0 0.259375 0.598958 0.20625 0.214583 
0 0.649219 0.684375 0.151562 0.172917 
0 0.257031 0.610417 0.210938 0.220833 
0 0.649219 0.684375 0.151562 0.172917 
0 0.257031 0.610417 0.210938 0.220833 
0 0.642187 0.692708 0.159375 0.18125 
0 0.255469 0.623958 0.207813 0.222917 
0 0.642187 0.692708 0.159375 0.18125 
0 0.255469 0.623958 0.207813 0.222917 
0 0.639063 0.707292 0.159375 0.18125 
0 0.249219 0.644792 0.195312 0.222917 
0 0.639063 0.707292 0.159375 0.18125 
0 0.249219 0.644792 0.195312 0.222917 
0 0.6375 0.717708 0.1625 0.185417 
0 0.254687 0.659375 0.203125 0.214583 
0 0.635156 0.733333 0.154687 0.183333 
0 0.255469 0.670833 0.198437 0.216667 
0 0.635156 0.733333 0.154687 0.183333 
0 0.255469 0.670833 0.198437 0.216667 
0 0.63125 0.748958 0.15 0.172917 
0 0.260156 0.688542 0.198437 0.21875 
0 0.63125 0.748958 0.15 0.172917 
0 0.260156 0.688542 0.198437 0.21875 
0 0.63125 0.759375 0.15 0.172917 
0 0.267188 0.703125 0.20625 0.21875 
0 0.628906 0.764583 0.148438 0.175 
0 0.252344 0.709375 0.179688 0.214583 
0 0.628906 0.764583 0.148438 0.175 
0 0.252344 0.709375 0.179688 0.214583 
0 0.627344 0.771875 0.148438 0.172917 
0 0.26875 0.716667 0.190625 0.2125 
0 0.624219 0.770833 0.148438 0.183333 
0 0.26875 0.720833 0.1875 0.208333 
0 0.624219 0.770833 0.148438 0.183333 
0 0.26875 0.720833 0.1875 0.208333 
0 0.621875 0.777083 0.15 0.183333 
0 0.269531 0.722917 0.192188 0.2125 
0 0.621875 0.777083 0.15 0.183333 
0 0.269531 0.722917 0.192188 0.2125 
0 0.617188 0.791667 0.153125 0.166667 
0 0.275 0.729167 0.1875 0.216667 
0 0.617188 0.791667 0.153125 0.166667 
0 0.275 0.729167 0.1875 0.216667 
0 0.273438 0.732292 0.184375 0.214583 
0 0.61875 0.789583 0.153125 0.170833 
0 0.621094 0.791667 0.151562 0.166667 
0 0.278125 0.735417 0.19375 0.2125 
0 0.621094 0.791667 0.151562 0.166667 
0 0.278125 0.735417 0.19375 0.2125 
0 0.629687 0.782292 0.15 0.18125 
0 0.276563 0.732292 0.184375 0.210417 
0 0.629687 0.782292 0.15 0.18125 
0 0.276563 0.732292 0.184375 0.210417 
0 0.635156 0.778125 0.151562 0.185417 
0 0.270312 0.729167 0.184375 0.2125 
0 0.644531 0.769792 0.145313 0.18125 
0 0.267188 0.723958 0.1875 0.20625 
0 0.644531 0.769792 0.145313 0.18125 
0 0.267188 0.723958 0.1875 0.20625 
0 0.654688 0.769792 0.146875 0.16875 
0 0.253906 0.715625 0.176563 0.210417 
0 0.654688 0.769792 0.146875 0.16875 
0 0.253906 0.715625 0.176563 0.210417 
0 0.657812 0.76875 0.146875 0.170833 
0 0.242188 0.716667 0.165625 0.208333 
0 0.6625 0.761458 0.146875 0.172917 
0 0.238281 0.713542 0.164062 0.210417 
0 0.6625 0.761458 0.146875 0.172917 
0 0.238281 0.713542 0.164062 0.210417 
0 0.666406 0.764583 0.145313 0.1625 
0 0.238281 0.707292 0.173438 0.210417 
0 0.666406 0.764583 0.145313 0.1625 
0 0.238281 0.707292 0.173438 0.210417 
0 0.674219 0.760417 0.139062 0.1625 
0 0.2375 0.7 0.178125 0.216667 
0 0.678125 0.744792 0.140625 0.172917 
0 0.239844 0.686458 0.198437 0.210417 
0 0.678125 0.744792 0.140625 0.172917 
0 0.239844 0.686458 0.198437 0.210417 
0 0.68125 0.746875 0.1375 0.15625 
0 0.213281 0.673958 0.167187 0.20625 
0 0.68125 0.746875 0.1375 0.15625 
0 0.213281 0.673958 0.167187 0.20625 
0 0.685938 0.73125 0.140625 0.175 
0 0.21875 0.655208 0.190625 0.210417 
0 0.694531 0.720833 0.139062 0.183333 
0 0.192969 0.642708 0.157813 0.210417 
0 0.694531 0.720833 0.139062 0.183333 
0 0.192969 0.642708 0.157813 0.210417 
0 0.207813 0.634375 0.203125 0.210417 
0 0.699219 0.715625 0.139062 0.164583 
0 0.207813 0.634375 0.203125 0.210417 
0 0.699219 0.715625 0.139062 0.164583 
0 0.704687 0.701042 0.140625 0.16875 
0 0.20625 0.614583 0.20625 0.216667 
0 0.707031 0.692708 0.139062 0.18125 
0 0.202344 0.597917 0.198437 0.216667 
0 0.707031 0.692708 0.139062 0.18125 
0 0.202344 0.597917 0.198437 0.216667 
0 0.710938 0.683333 0.134375 0.166667 
0 0.194531 0.584375 0.195312 0.210417 
0 0.710938 0.683333 0.134375 0.166667 
0 0.194531 0.584375 0.195312 0.210417 
0 0.191406 0.576042 0.207813 0.210417 
0 0.714063 0.670833 0.1375 0.175 
0 0.191406 0.559375 0.210938 0.210417 
0 0.717188 0.654167 0.1375 0.183333 
0 0.189063 0.561458 0.209375 0.189583 
0 0.717188 0.655208 0.140625 0.18125 
0 0.189063 0.561458 0.209375 0.189583 
0 0.717188 0.655208 0.140625 0.18125 
0 0.191406 0.545833 0.207813 0.191667 
0 0.71875 0.64375 0.1375 0.1875 
0 0.191406 0.545833 0.207813 0.191667 
0 0.71875 0.64375 0.1375 0.1875 
0 0.722656 0.626042 0.135937 0.19375 
0 0.190625 0.522917 0.203125 0.2125 
0 0.189844 0.515625 0.201562 0.20625 
0 0.726562 0.6125 0.134375 0.191667 
0 0.189844 0.515625 0.201562 0.20625 
0 0.726562 0.6125 0.134375 0.191667 
0 0.19375 0.494792 0.20625 0.20625 
0 0.727344 0.610417 0.139062 0.195833 
0 0.19375 0.494792 0.20625 0.20625 
0 0.727344 0.610417 0.139062 0.195833 
0 0.727344 0.597917 0.139062 0.2 
0 0.19375 0.404167 0.05 0.0791667 
0 0.207031 0.490625 0.210938 0.18125 
0 0.728125 0.59375 0.1375 0.191667 
0 0.207031 0.490625 0.210938 0.18125 
0 0.728125 0.59375 0.1375 0.191667 
0 0.204688 0.396875 0.046875 0.08125 
0 0.730469 0.570833 0.139062 0.1875 
0 0.204688 0.396875 0.046875 0.08125 
0 0.730469 0.570833 0.139062 0.1875 
0 0.213281 0.48125 0.210938 0.204167 
0 0.730469 0.552083 0.139062 0.195833 
0 0.213281 0.48125 0.210938 0.204167 
0 0.730469 0.552083 0.139062 0.195833 
0 0.203906 0.40625 0.0515625 0.0791667 
0 0.73125 0.545833 0.1375 0.208333 
0 0.20625 0.409375 0.046875 0.08125 
0 0.213281 0.511458 0.214062 0.16875 
0 0.732813 0.530208 0.1375 0.202083 
0 0.20625 0.409375 0.046875 0.08125 
0 0.213281 0.511458 0.214062 0.16875 
0 0.732813 0.530208 0.1375 0.202083 
0 0.215625 0.491667 0.21875 0.208333 
0 0.732031 0.521875 0.135937 0.189583 
0 0.215625 0.491667 0.21875 0.208333 
0 0.732031 0.521875 0.135937 0.189583 
0 0.214844 0.489583 0.217187 0.2125 
0 0.73125 0.521875 0.1375 0.19375 
0 0.217187 0.49375 0.215625 0.204167 
0 0.73125 0.519792 0.1375 0.202083 
0 0.217187 0.49375 0.215625 0.204167 
0 0.73125 0.519792 0.1375 0.202083 
0 0.208594 0.405208 0.0453125 0.08125 
0 0.732813 0.521875 0.1375 0.197917 
0 0.208594 0.405208 0.0453125 0.08125 
0 0.732813 0.521875 0.1375 0.197917 
0 0.215625 0.479167 0.209375 0.216667 
0 0.732813 0.521875 0.1375 0.197917 
0 0.215625 0.479167 0.209375 0.216667 
0 0.732813 0.521875 0.1375 0.197917 
0 0.213281 0.471875 0.204688 0.222917 
0 0.734375 0.51875 0.1375 0.204167 
0 0.215625 0.473958 0.2125 0.202083 
0 0.735156 0.519792 0.135937 0.202083 
0 0.215625 0.473958 0.2125 0.202083 
0 0.735156 0.519792 0.135937 0.202083 
0 0.735156 0.516667 0.135937 0.208333 
0 0.735156 0.516667 0.135937 0.208333 
0 0.215625 0.464583 0.215625 0.220833 
0 0.734375 0.51875 0.1375 0.195833 
0 0.215625 0.464583 0.215625 0.220833 
0 0.734375 0.51875 0.1375 0.195833 
0 0.215625 0.482292 0.2125 0.19375 
0 0.734375 0.521875 0.1375 0.197917 
0 0.214062 0.472917 0.20625 0.220833 
0 0.735937 0.523958 0.1375 0.202083 
0 0.214062 0.472917 0.20625 0.220833 
0 0.735937 0.523958 0.1375 0.202083 
0 0.213281 0.473958 0.201562 0.21875 
0 0.734375 0.526042 0.1375 0.202083 
0 0.213281 0.473958 0.201562 0.21875 
0 0.734375 0.526042 0.1375 0.202083 
0 0.735156 0.529167 0.135937 0.2 
0 0.214844 0.482292 0.210938 0.21875 
0 0.734375 0.535417 0.1375 0.2 
0 0.211719 0.488542 0.214062 0.214583 
0 0.734375 0.535417 0.1375 0.2 
0 0.211719 0.488542 0.214062 0.214583 
0 0.214844 0.494792 0.217187 0.222917 
0 0.73125 0.536458 0.1375 0.202083 
0 0.214844 0.494792 0.217187 0.222917 
0 0.73125 0.536458 0.1375 0.202083 
0 0.207031 0.511458 0.214062 0.202083 
0 0.728906 0.54375 0.139062 0.204167 
0 0.207031 0.511458 0.214062 0.202083 
0 0.728906 0.54375 0.139062 0.204167 
0 0.2 0.509375 0.2 0.222917 
0 0.725781 0.551042 0.139062 0.197917 
0 0.724219 0.554167 0.142188 0.2 
0 0.200781 0.514583 0.207813 0.225 
0 0.724219 0.554167 0.142188 0.2 
0 0.200781 0.514583 0.207813 0.225 
0 0.203906 0.521875 0.207813 0.222917 
0 0.727344 0.563542 0.139062 0.20625 
0 0.203906 0.521875 0.207813 0.222917 
0 0.727344 0.563542 0.139062 0.20625 
0 0.202344 0.519792 0.204688 0.222917 
0 0.728125 0.569792 0.1375 0.197917 
0 0.202344 0.519792 0.204688 0.222917 
0 0.728125 0.569792 0.1375 0.197917 
0 0.199219 0.516667 0.201562 0.229167 
0 0.726562 0.573958 0.140625 0.197917 
0 0.199219 0.516667 0.201562 0.229167 
0 0.726562 0.573958 0.140625 0.197917 
0 0.727344 0.575 0.142188 0.2 
0 0.197656 0.517708 0.204688 0.227083 
0 0.191406 0.514583 0.198437 0.229167 
0 0.728906 0.572917 0.139062 0.204167 
0 0.191406 0.514583 0.198437 0.229167 
0 0.728906 0.572917 0.139062 0.204167 
0 0.195312 0.514583 0.203125 0.225 
0 0.728906 0.571875 0.139062 0.202083 
0 0.195312 0.514583 0.203125 0.225 
0 0.728906 0.571875 0.139062 0.202083 
0 0.19375 0.515625 0.203125 0.227083 
0 0.726562 0.570833 0.1375 0.2 
0 0.723437 0.566667 0.140625 0.208333 
0 0.19375 0.515625 0.203125 0.222917 
0 0.723437 0.566667 0.140625 0.208333 
0 0.19375 0.515625 0.203125 0.222917 
0 0.196875 0.5125 0.20625 0.225 
0 0.717188 0.565625 0.140625 0.202083 
0 0.196875 0.5125 0.20625 0.225 
0 0.717188 0.565625 0.140625 0.202083 
0 0.203125 0.508333 0.2125 0.229167 
0 0.710938 0.559375 0.14375 0.20625 
0 0.199219 0.503125 0.204688 0.227083 
0 0.708594 0.554167 0.145313 0.2 
0 0.199219 0.503125 0.204688 0.227083 
0 0.708594 0.554167 0.145313 0.2 
0 0.189844 0.502083 0.192188 0.229167 
0 0.705469 0.55 0.148438 0.204167 
0 0.189844 0.502083 0.192188 0.229167 
0 0.705469 0.55 0.148438 0.204167 
0 0.200781 0.503125 0.210938 0.23125 
0 0.705469 0.551042 0.148438 0.202083 
0 0.192969 0.511458 0.210938 0.222917 
0 0.710938 0.554167 0.14375 0.2 
0 0.192969 0.511458 0.210938 0.222917 
0 0.710938 0.554167 0.14375 0.2 
0 0.200781 0.507292 0.207813 0.227083 
0 0.716406 0.561458 0.145313 0.202083 
0 0.200781 0.507292 0.207813 0.227083 
0 0.716406 0.561458 0.145313 0.202083 
0 0.211719 0.5125 0.223438 0.216667 
0 0.732031 0.565625 0.142188 0.210417 
0 0.744531 0.577083 0.139062 0.204167 
0 0.214062 0.515625 0.215625 0.227083 
0 0.744531 0.577083 0.139062 0.204167 
0 0.214062 0.515625 0.215625 0.227083 
0 0.21875 0.515625 0.215625 0.227083 
0 0.753125 0.58125 0.14375 0.204167 
0 0.21875 0.515625 0.215625 0.227083 
0 0.753125 0.58125 0.14375 0.204167 
0 0.222656 0.521875 0.198437 0.222917 
0 0.765625 0.585417 0.14375 0.204167 
0 0.23125 0.516667 0.2 0.225 
0 0.773438 0.585417 0.140625 0.2 
0 0.23125 0.516667 0.2 0.225 
0 0.773438 0.585417 0.140625 0.2 
0 0.233594 0.519792 0.195312 0.222917 
0 0.779688 0.5875 0.140625 0.204167 
0 0.233594 0.519792 0.195312 0.222917 
0 0.779688 0.5875 0.140625 0.204167 
0 0.789062 0.590625 0.140625 0.202083 
0 0.25 0.522917 0.2125 0.229167 
0 0.797656 0.594792 0.142188 0.20625 
0 0.25625 0.522917 0.203125 0.229167 
0 0.797656 0.594792 0.142188 0.20625 
0 0.25625 0.522917 0.203125 0.229167 
0 0.803125 0.601042 0.140625 0.20625 
0 0.261719 0.528125 0.204688 0.227083 
0 0.803125 0.601042 0.140625 0.20625 
0 0.261719 0.528125 0.204688 0.227083 
0 0.269531 0.546875 0.201562 0.227083 
0 0.803906 0.614583 0.145313 0.204167 
0 0.803906 0.625 0.145313 0.2 
0 0.276563 0.552083 0.209375 0.229167 
0 0.803906 0.625 0.145313 0.2 
0 0.276563 0.552083 0.209375 0.229167 
0 0.803906 0.641667 0.142188 0.2 
0 0.276563 0.557292 0.209375 0.227083 
0 0.803906 0.641667 0.142188 0.2 
0 0.276563 0.557292 0.209375 0.227083 
0 0.803125 0.644792 0.14375 0.20625 
0 0.282031 0.565625 0.210938 0.227083 
0 0.285156 0.572917 0.204688 0.229167 
0 0.804688 0.65 0.14375 0.2 
0 0.285156 0.572917 0.204688 0.229167 
0 0.804688 0.65 0.14375 0.2 
0 0.80625 0.659375 0.14375 0.202083 
0 0.291406 0.578125 0.204688 0.222917 
0 0.80625 0.659375 0.14375 0.202083 
0 0.291406 0.578125 0.204688 0.222917 
0 0.80625 0.665625 0.140625 0.202083 
0 0.290625 0.582292 0.203125 0.222917 
0 0.803906 0.675 0.145313 0.2 
0 0.296094 0.588542 0.204688 0.222917 
0 0.803906 0.675 0.145313 0.2 
0 0.296094 0.588542 0.204688 0.222917 
0 0.80625 0.678125 0.14375 0.202083 
0 0.307031 0.604167 0.217187 0.225 
0 0.80625 0.678125 0.14375 0.202083 
0 0.307031 0.604167 0.217187 0.225 
0 0.80625 0.680208 0.14375 0.19375 
0 0.308594 0.610417 0.217187 0.220833 
0 0.804688 0.678125 0.146875 0.189583 
0 0.304688 0.610417 0.203125 0.220833 
0 0.804688 0.678125 0.146875 0.189583 
0 0.304688 0.610417 0.203125 0.220833 
0 0.804688 0.678125 0.146875 0.189583 
0 0.304688 0.610417 0.203125 0.220833 
0 0.800781 0.660417 0.145313 0.195833 
0 0.315625 0.610417 0.21875 0.220833 
0 0.798437 0.659375 0.14375 0.189583 
0 0.314063 0.605208 0.221875 0.21875 
0 0.798437 0.659375 0.14375 0.189583 
0 0.314063 0.605208 0.221875 0.21875 
0 0.796094 0.652083 0.142188 0.1875 
0 0.3125 0.59375 0.225 0.220833 
0 0.796094 0.652083 0.142188 0.1875 
0 0.3125 0.59375 0.225 0.220833 
0 0.79375 0.64375 0.14375 0.183333 
0 0.296094 0.578125 0.214062 0.21875 
0 0.7875 0.61875 0.14375 0.204167 
0 0.292188 0.567708 0.221875 0.222917 
0 0.7875 0.61875 0.14375 0.204167 
0 0.292188 0.567708 0.221875 0.222917 
0 0.785156 0.619792 0.145313 0.189583 
0 0.29375 0.558333 0.221875 0.216667 
0 0.785156 0.619792 0.145313 0.189583 
0 0.29375 0.558333 0.221875 0.216667 
0 0.78125 0.614583 0.14375 0.1875 
0 0.292188 0.546875 0.228125 0.214583 
0 0.779688 0.6125 0.146875 0.191667 
0 0.288281 0.5375 0.223438 0.216667 
0 0.779688 0.6125 0.146875 0.191667 
0 0.288281 0.5375 0.223438 0.216667 
0 0.778906 0.610417 0.145313 0.191667 
0 0.285937 0.530208 0.221875 0.214583 
0 0.778906 0.610417 0.145313 0.191667 
0 0.285937 0.530208 0.221875 0.214583 
0 0.776563 0.60625 0.146875 0.1875 
0 0.285937 0.530208 0.225 0.21875 
0 0.776563 0.60625 0.146875 0.1875 
0 0.285937 0.530208 0.225 0.21875 
0 0.776563 0.6 0.146875 0.191667 
0 0.285937 0.536458 0.221875 0.214583 
0 0.776563 0.6 0.146875 0.191667 
0 0.285937 0.536458 0.221875 0.214583 
0 0.777344 0.595833 0.145313 0.191667 
0 0.2875 0.540625 0.225 0.214583 
0 0.779688 0.595833 0.146875 0.1875 
0 0.286719 0.54375 0.223438 0.2125 
0 0.779688 0.595833 0.146875 0.1875 
0 0.286719 0.54375 0.223438 0.2125 
0 0.780469 0.602083 0.145313 0.1875 
0 0.284375 0.54375 0.225 0.2125 
0 0.783594 0.617708 0.139062 0.15625 
0 0.280469 0.545833 0.220313 0.216667 
0 0.783594 0.617708 0.139062 0.15625 
0 0.280469 0.545833 0.220313 0.216667 
0 0.782031 0.615625 0.139062 0.160417 
0 0.276563 0.545833 0.21875 0.216667 
0 0.782031 0.615625 0.139062 0.160417 
0 0.276563 0.545833 0.21875 0.216667 
0 0.774219 0.613542 0.145313 0.19375 
0 0.269531 0.548958 0.220313 0.214583 
0 0.774219 0.613542 0.145313 0.19375 
0 0.269531 0.548958 0.220313 0.214583 
0 0.773438 0.613542 0.146875 0.185417 
0 0.2625 0.552083 0.21875 0.220833 
0 0.769531 0.614583 0.148438 0.1625 
0 0.257812 0.557292 0.215625 0.214583 
0 0.769531 0.614583 0.148438 0.1625 
0 0.257812 0.557292 0.215625 0.214583 
0 0.767969 0.611458 0.145313 0.16875 
0 0.25625 0.572917 0.209375 0.233333 
0 0.767969 0.611458 0.145313 0.16875 
0 0.25625 0.572917 0.209375 0.233333 
0 0.767969 0.6125 0.145313 0.1875 
0 0.249219 0.573958 0.214062 0.21875 
0 0.766406 0.633333 0.145313 0.158333 
0 0.246875 0.579167 0.2125 0.216667 
0 0.766406 0.633333 0.145313 0.158333 
0 0.246875 0.579167 0.2125 0.216667 
0 0.767187 0.633333 0.146875 0.166667 
0 0.244531 0.578125 0.214062 0.214583 
0 0.767187 0.633333 0.146875 0.166667 
0 0.244531 0.578125 0.214062 0.214583 
0 0.765625 0.635417 0.14375 0.1625 
0 0.24375 0.578125 0.215625 0.214583 
0 0.76875 0.633333 0.14375 0.175 
0 0.24375 0.577083 0.21875 0.216667 
0 0.76875 0.633333 0.14375 0.175 
0 0.24375 0.577083 0.21875 0.216667 
0 0.769531 0.647917 0.139062 0.195833 
0 0.242969 0.575 0.217187 0.216667 
0 0.769531 0.647917 0.139062 0.195833 
0 0.242969 0.575 0.217187 0.216667 
0 0.76875 0.65 0.1375 0.191667 
0 0.2375 0.573958 0.2125 0.227083 
0 0.76875 0.65 0.1375 0.191667 
0 0.2375 0.573958 0.2125 0.227083 
0 0.76875 0.654167 0.1375 0.2 
0 0.240625 0.575 0.21875 0.220833 
0 0.76875 0.654167 0.1375 0.2 
0 0.240625 0.575 0.21875 0.220833 
0 0.236719 0.569792 0.210938 0.222917 
0 0.771875 0.65625 0.1375 0.208333 
0 0.235156 0.565625 0.195312 0.227083 
0 0.769531 0.659375 0.135937 0.210417 
0 0.235156 0.565625 0.195312 0.227083 
0 0.769531 0.659375 0.135937 0.210417 
0 0.240625 0.573958 0.215625 0.222917 
0 0.767969 0.660417 0.135937 0.2125 
0 0.240625 0.573958 0.215625 0.222917 
0 0.767969 0.660417 0.135937 0.2125 
0 0.240625 0.573958 0.215625 0.222917 
0 0.767969 0.660417 0.135937 0.2125 
0 0.769531 0.665625 0.135937 0.214583 
0 0.235156 0.58125 0.204688 0.220833 
0 0.769531 0.665625 0.135937 0.214583 
0 0.235156 0.58125 0.204688 0.220833 
0 0.769531 0.665625 0.135937 0.214583 
0 0.235156 0.58125 0.204688 0.220833 
0 0.771094 0.66875 0.135937 0.220833 
0 0.235156 0.58125 0.204688 0.220833 
0 0.771094 0.66875 0.135937 0.220833 
0 0.235156 0.58125 0.204688 0.220833 
0 0.76875 0.672917 0.1375 0.220833 
0 0.233594 0.583333 0.201562 0.225 
0 0.76875 0.672917 0.1375 0.220833 
0 0.233594 0.583333 0.201562 0.225 
0 0.76875 0.672917 0.1375 0.220833 
0 0.233594 0.583333 0.201562 0.225 
0 0.766406 0.673958 0.135937 0.210417 
0 0.229687 0.589583 0.196875 0.225 
0 0.766406 0.673958 0.135937 0.210417 
0 0.229687 0.589583 0.196875 0.225 
0 0.766406 0.673958 0.135937 0.210417 
0 0.229687 0.589583 0.196875 0.225 
0 0.76875 0.677083 0.134375 0.216667 
0 0.23125 0.591667 0.20625 0.225 
0 0.76875 0.677083 0.134375 0.216667 
0 0.23125 0.591667 0.20625 0.225 
0 0.229687 0.605208 0.203125 0.23125 
0 0.760156 0.7 0.135937 0.225 
0 0.229687 0.605208 0.203125 0.23125 
0 0.760156 0.7 0.135937 0.225 
0 0.229687 0.605208 0.203125 0.23125 
0 0.760156 0.7 0.135937 0.225 
0 0.747656 0.777083 0.142188 0.245833 
0 0.216406 0.664583 0.192188 0.2375 
0 0.747656 0.777083 0.142188 0.245833 
0 0.216406 0.664583 0.192188 0.2375 
0 0.747656 0.777083 0.142188 0.245833 
0 0.216406 0.664583 0.192188 0.2375 
0 0.202344 0.752083 0.179688 0.245833 
0 0.719531 0.886458 0.148438 0.222917 
0 0.202344 0.752083 0.179688 0.245833 
0 0.719531 0.886458 0.148438 0.222917 
0 0.195312 0.873958 0.14375 0.247917 
0 0.195312 0.873958 0.14375 0.247917 
0 0.195312 0.873958 0.14375 0.247917 
